3|567
6|203,244,245,702
8|60,99,132,160,198,207,218,248,317,381,401,452,465,502,542,649,666,703,765,766,830,835
10|834
11|557,639,694,717,956
12|808
14|510,652,677
18|472,516,686,831
20|690,892
21|106,117,216,244,245,266,444,551,629,691
22|32,163,349,436,485,515,517,522,535,568,619,663,725,791,804,866,936
23|219,258,422,441,470,521,523,623,641,683,743,808,809,815,869,871,893
24|356,391,547,891
25|370,518,606,696,730,847,854,916,924,925,991,992
27|9,606,956
28|0,5,6,25,34,36,53,68,72,84,88,107,108,117,124,125,135,139,166,182,190,191,193,197,210,233,247,251,252,263,268,291,305,319,330,364,374,376,377,385,419,426,456,457,469,480,491,494,496,506,511,529,543,549,556,565,591,607,612,614,618,640,642,649,650,667,677,697,700,702,703,708,710,737,747,749,762,765,767,768,778,792,793,802,804,813,820,831,833,849,868,872,887,889,894,897,906,935,937,947,949,950,953,961,962,964,975
32|187,258,511,550,881
33|28,35,149,154,217,303,430,504,581,863,869,963
34|994
39|260,327,371,372,419,420,471,472,528,529,530,531,539,566,568,569,570,574,617,618,619,620,686,690,742,767,810,820,870
42|58,235,953
43|413
44|321,342,393,457,482,546,547,970
45|49,99,152,153,172,247,504,716,735,765,785,852,912,927,948
47|221,324,363,484,818
50|26,82,143,168,177,195,216,217,228,260,261,289,542,639,761
52|9,17,420,566,821,896,962
56|105,159,308,327,333,336,350,351,360,362,369,380,396,406,414,467,522,523,524,525,561,563,607,608,609,656,666,672,673,674,675,711,716,718,722,723,724,733,734,794,800,828,848,855,859,860,861,862,863,864,865,911,919,926,928,929,930,931,932
57|68,777
60|362,410,662,850,997
64|15,24,43,43,45,81,83,87,92,101,111,168,205,209,217,220,226,236,258,261,268,283,291,326,350,353,400,403,424,465,473,474,489,492,497,516,521,531,532,555,556,560,605,613,614,621,679,699,739,761,794,798,806,808,850,861,868,948,998
65|639,694,956
66|1,10,13,14,20,36,42,90,96,125,126,183,275,276,288,291,294,306,390,419,432,472,476,487,564,569,585,592,617,681,684,745,851,853,937,981
67|603
68|404,414,458,459,497,498,798,821,823
69|18,78,152,253,326,330,383,482,582,756,942,982
72|178,443,884,952,953
74|119,225,356,396,520,709,886,887,915
75|84,118,314,332,360,387,435,514,517,525,578,586,602,695,698,758,760,805,826,880,884,885,957,958
76|69,118,142,230,262,297,304,346,378,435,534,610,650,676,705,734,793,805,859,867,902,974
77|56,127,146,167,182,211,254,267,334,358,551,570,710,736,842,862,914,966
78|834
80|207
81|30,31,60,73,85,86,161,163,238,248,259,290,296,329,340,358,361,370,403,413,429,436,437,460,465,473,488,508,513,521,529,534,556,576,585,658,684,689,712,726,727,768,772,780,795,799,802,804,887,891,913,914,940,987
82|40,397,643,746,833,992
83|29,30,31,40,42,66,73,80,82,86,104,144,159,161,163,225,233,238,242,246,257,258,296,319,329,332,340,362,369,371,386,394,411,419,429,436,460,465,470,473,479,508,513,514,523,529,570,576,585,600,602,626,639,658,683,684,689,712,714,716,727,741,745,768,771,780,789,804,829,830,847,857,887,891,899,909,913,914,924,940,970,981,996
84|1,2,23,48,76,121,127,130,136,144,152,154,155,158,167,199,209,214,220,237,243,281,283,284,319,320,355,359,554,597,598,685,775,811,845,888,959,981
86|20,100,125,201,300,301,320,542,703,784,989
91|469,688,749
94|106,407,660,822,850,942
96|9,11,17,41,61,280,334,438,491,524,606,634,651,652,665,680,730,733,862,919,931,946,956,962,973
98|7,9,11,18,40,49,74,77,82,141,198,221,330,347,402,522,536,587,650,651,696,702,833,884,894,897,962,973,974
100|356
102|20,320
105|415
106|438,454,490,555,557,559,620,671,794,797,798,799,808,861,925
110|89,334
113|557
116|5,42,54,88,185,192,233,293,299,304,306,331,709,844,913,918
119|536,567
122|5,210,485
125|494,584,628,631,639,694,746,823,882,884,947,948,949
126|33,41,196,323,357,402,422,479,483,485,548,595,606,643,696,730,732,769,833,844,847,909,916,924,925,991,992
129|252,262,274,518
130|18,25,27,34,39,41,45,58,74,80,100,101,130,155,159,175,176,194,196,201,202,240,241,282,288,299,382,389,422,587,651,696,701,763,828,889
133|85,313,314,343,421,425,453,481,542,638,661,678,764,787,822,942,946,949,998
134|48,59,75,76,96,221,270
135|886,980
136|410,765
137|313,395,598
138|70,111,120,181,232,258,271,401,593,640,858,994
139|512,519
140|128
141|38,86,109,129,181,206,211,263,276,307,315,323,331,337,343,344,345,354,359,362,373,376,380,381,382,389,389,394,397,416,417,418,418,423,424,425,427,428,431,440,443,451,453,458,469,471,472,473,478,481,499,501,502,503,527,527,529,535,540,542,549,562,568,575,580,581,582,588,618,619,622,623,625,627,630,630,631,634,635,673,675,681,683,685,688,689,690,691,707,718,740,741,747,751,752,753,754,754,769,781,790,808,809,814,815,822,824,842,845,869,870,871,873,877,877,879,883,883,887,900,926,928,932,935,938,946,952,999
142|329,384,399,442,448,474,475,531,571,572,660,806
144|135,207,318,362,380,412,427,456,521,588,592,653,669,671,899
145|4,456,782,951,975
147|60,122,689,697,886
148|294,840
151|80,736
155|44,53,61,62,65,66,68,92,107,108,113,119,130,131,139,151,155,157,160,167,170,173,177,192,195,196,197,199,202,206,215,216,218,228,229,240,242,260,280,283,289,299,319,390,410,454,456,462,487,519,710,726,789,797,801,856,857,887,903,934,959,960,986,990
156|28,35,117,149,217,238,247,303,430,504,765,863,963,969
158|3,28,37,51,52,67,69,72,76,85,89,90,94,109,114,123,124,149,160,166,173,179,193,203,205,208,211,231,236,244,248,249,250,251,252,260,264,274,293,300,328,331,351,439,465,481,518,549,556,560,596,621,680,708,734,736,770,795,799,837,842,857,858,902,903,977,986,989
160|717
162|528,623,743,811,813,875
164|60,328,346,363,364,375,387,417,443,451,470,479,534,565,577,610,624,626,627,628,681,685,726,739,749,810,817,818,874,878,927,935,937,940
165|219,220
173|673
175|923
178|328,346,363,371,372,375,422,469,470,534,564,577,590,681,727,735,749,818,927,937
185|851
186|9,17,57,59,82,94,106,114,127,142,160,168,187,203,236,244,248,248,269,313,320,434,436,453,463,469,479,514,550,596,642,644,678,680,703,705,721,735,736,739,764,786,805,841,867,880,927,936,945,948,949,962,964,965,966,968,998
188|155,237,545,888,970
191|104
192|384,449,566,725
196|105,360,609,711,718,723,828
198|119,225
199|25
203|464,864
206|690
207|238
209|6,60,114,151,174,204,215,230,345,514,555,605,663,669,697,698,700,725,726,728,736,804,903,964,969,978
210|1,14,69,118,142,165,196,214,230,259,262,315,321,368,376,402,414,428,441,457,461,465,467,493,496,540,554,585,636,646,660,666,684,692,732,734,755,757,758,766,768,793,810,846,859,864,866,867,885,892,902
211|119
213|61,119,148,186,207,211,218,257,266,324,325,346,383,398,487,493,655,785,915
218|18,30,31,73,86,93,121,156,163,257,296,332,349,411,494,514,561,576,587,600,628,637,694,780,862,910,940,969,978
224|133,230,390,766
227|756
228|87,413,492,616,632,736,832,875,895,905,966
233|75,289,968
234|16,26,38,139,323,360,366,452,479,499,503,536,579,629,942,954,955
235|886
237|85,112,300,383,420,429,447,455,471,481,527,529,535,568,582,583,609,638,712,877,881,915,926,940,941
238|49,116,323,359,381,579,629,657,868,941
243|160
244|87,115,165,223,263,291,292,309,316,317,318,321,326,330,335,339,340,341,342,347,355,356,368,376,390,391,392,393,400,401,402,427,428,456,457,481,482,505,506,535,545,546,547,548,588,589,590,591,592,644,645,646,647,648,649,650,651,652,653,654,703,704,705,720,766,767,768,769,812,829,830,831,832,833,834,835,890,891,892,893,894,895,896,897,898,899,970,971,972,973,974,975,976
246|336,498,538,627,814,819,828,875,939,940
249|442,477,571
252|21,387,532,577,628,743,746,749,813
254|123,212
256|919
260|237,455,583,827
263|673
265|80
267|405
269|682,965
270|710
276|886
280|393,785
283|49,76,115,135,152,216,223,290,337,444,526,537,619,683,693,724,793,850,930,942,966
284|216,363,381,388,397,416,417,458,459,478,575,576,625,627,694,746,748,759,760,767,814,816,818,825,869,938,944,957
285|56,129,272,379,441,561,608,849,853,972
286|82,143,542,639
293|202,785
294|572
297|63,199,235,323,328,336,353,366,377,388,447,449,477,479,529,540,541,580,632,718,744,815,816,826,873,874,876,883,884,913,928,932,953,993
300|86,447,656,686,692,884,948,952,953
301|652,948
304|951
306|405,582,760,826,958
307|105,360,609,711,718,723,828
308|12,70,91,232,301,593,760,858,994
311|418,870
313|691,848
314|30,122,142,267,309,340,371,514,570,592,600,998
316|406,662,737
317|591
320|447,452,578,618,685,690,820
323|469,496,744,878,879
324|151,562,663,710,804,824,892,933
327|301,445,544,764
333|69,138,225,244,281,287,329,333,424,468,472,556,557,588,611,635,652,661,662,667,735,748,768,786,798,868,898,910,925,992,995
335|129,214,234,249,256,278,279,286,292,307,310,311,312,322,362,388,509,575,808,933
339|440,779
342|124,126,192,287,294,446,530,574,840,914
347|705
350|21,58,120,139,181,237,240,430,523,529,643,677,826,827,828,837
351|929
352|156,881
353|168,197,832
356|56,129,164,362,375,379,388,389,406,410,412,423,424,425,431,434,454,455,478,498,501,502,512,516,520,535,536,537,538,542,575,578,617,622,623,625,629,634,637,648,681,682,688,689,691,715,718,723,740,750,752,756,809,815,822,841,850,871,874,880,881,941,942,943,946,955,997
358|10,127,128,147,184,254,255,839
360|153,165,175,291,339,390,412,464,515,517,601,605,716,723,729,768,797,801,857,908,922
361|818,957
364|440
367|748
368|0,3,6,14,16,26,34,35,36,37,43,53,54,61,62,65,68,72,77,78,79,84,88,91,92,95,102,103,107,108,116,117,122,124,125,130,135,139,157,165,166,167,177,182,190,191,193,195,196,197,210,216,217,233,251,252,263,268,291,305,319,321,330,352,354,364,368,369,374,419,426,427,428,456,457,471,476,478,487,491,494,496,506,511,529,543,549,556,565,569,576,591,593,607,612,614,617,618,640,642,649,650,667,697,698,700,702,703,710,737,745,747,749,762,765,768,778,792,793,801,802,804,813,814,815,816,820,831,833,868,872,873,878,887,889,894,895,897,906,907,935,937,938,947,949,950,953,959,960,961,962,964,970,975,990,997
371|202,246,395,406,407,437,490,506,599,668,680,822,848,851
372|147,184,254
376|412
377|636
378|956
380|582
382|18,323,586,587,876,956
384|297,378,410,512,554,594,599,661,693,776,787,852,919,926
386|192,340,361,430,453,484,507,508,657,780,825,832,843,844
387|48,76,174,624
390|467
391|227,360,668,788
392|297,337,403,405,432,447,449,498,500,507,539,540,541,580,632,661,690,717,787
393|156,177,195,241,613,733,773
394|304
397|328,750
398|257,338,446,537,848
400|463,961
401|124,151,156,159,241,287,308,313,327,333,350,351,354,380,382,396,413,414,440,443,446,460,467,471,476,495,497,522,523,524,525,530,533,561,562,563,564,580,590,607,608,609,616,627,630,631,636,659,663,666,669,672,673,674,675,684,714,716,722,727,733,734,735,740,744,745,758,759,794,800,804,808,810,824,848,859,860,861,862,863,864,865,878,885,892,898,911,926,927,928,929,930,931,932,933,939,944,953,972
402|405
404|50,82,162,171,271,361,445,639,830,920,956,966
408|5,20,28,118,217,379,597,702,963
409|55
410|396,500,609,630,666,680,722
412|291,341
413|64,87,102,130,167,193,233,291,294,319,326,330,341,361,390,461,487,563,647,684,689,703,778,890,944,959
417|97,346,651,652,831,973
419|0,7,8,9,11,15,16,17,18,19,21,22,23,24,25,26,27,28,34,35,36,37,38,39,40,41,43,44,45,46,47,48,49,50,58,59,60,61,62,63,64,65,66,74,75,76,77,78,79,80,81,82,83,84,85,86,92,93,94,95,96,97,98,99,100,101,102,103,104,105,106,111,112,113,114,115,116,117,118,119,120,121,130,131,132,133,134,135,136,137,138,139,140,141,142,143,144,149,150,151,152,153,154,155,156,157,158,159,160,161,162,163,164,167,168,169,170,171,172,173,174,175,176,177,178,179,180,181,191,192,193,194,195,196,197,198,199,200,201,202,203,204,205,206,207,208,209,215,216,217,218,219,220,221,222,223,224,225,226,227,228,229,230,235,236,237,238,239,240,241,242,243,244,245,246,247,248,258,259,260,261,262,267,268,269,270,271,272,273,280,281,282,283,284,288,289,290,299,303,304,314,318,323,342,353,365,372,382,385,390,392,393,397,400,409,416,422,424,426,443,451,477,478,482,483,488,492,494,495,503,506,516,543,544,546,566,573,587,589,590,591,595,596,604,605,612,613,615,628,630,635,640,641,642,643,646,647,648,650,651,679,680,695,696,697,698,699,700,701,702,728,739,741,742,758,761,762,763,764,765,782,805,812,816,819,821,823,825,826,827,828,834,871,872,876,885,886,887,888,889,892,894,896,903,912,924,936,939,947,949,950,953,954,955,958,959,960,961,962,963,964,965,966,967,968,969,970,972,973,975,976,991
420|424,443,473,501,625,691,877,883
422|6,9,28,36,38,59,111,114,123,169,174,176,194,215,230,246,258,262,297,313,333,343,345,378,379,394,395,403,404,405,432,433,460,486,514,552,554,555,558,594,597,598,601,608,642,658,659,660,661,662,665,669,670,697,700,707,714,716,717,725,736,765,769,776,785,786,843,850,852,853,886,920,921,963,964,969,976,977,978,998
425|154,368,922
426|57,59,71,80,87,134,210,238,271,290,302,327,330,335,411,418,427,433,465,480,516,546,558,589,634,704,769,789,802,836,890,958
427|85,92,110,145,174,270,318,333,349,351,357,364,369,371,372,373,380,386,387,392,395,400,402,421,447,460,470,483,494,495,510,530,577,579,594,595,608,610,622,624,625,626,628,629,635,646,647,658,691,697,720,730,732,740,749,776,781,782,783,784,793,799,810,817,819,823,844,865,867,872,875,876,902,903,916,930,967,973,985,986,990,991,992
429|31,47,98,100,112,156,197,300,332,341,362,375,397,417,449,497,507,519,525,541,558,575,632,664,668,675,697,764,780,824,838,884,889,918,933,952,963
433|40,47,165,167,233,243,291,294,321,341,342,347,361,390,463,482,502,517,547,602,766,770,778,832,856,933,936
434|33,264,308,324,384,389,399,454,467,484,504,510,531,534,540,552,553,563,595,596,609,656,674,711,774,784,843,847,863,864,903,958,996
435|2,302
436|17,32,48,86,105,106,133,152,160,178,218,222,232,235,247,265,270,281,281,286,295,309,336,350,376,379,407,412,423,458,459,484,522,525,568,597,599,607,676,681,700,707,719,745,780,820,828,836,838,849,850,870,901,907,937,983
437|640,647,834
438|80,152,354,447,452,578,618,690,820,937
443|890
449|336,336,369,717,737,928
452|141,157,179,421,428,943,961
453|287
460|53,576,617,744,801,845,879,924
461|207,208,218,266,280,418,429,493,554,566,583,655,725,738,741,816,821,923,925
462|198
468|185,204,231,611
469|956
470|459,502,599,659,851,853
472|441,651,703
473|64,87,102,130,167,193,233,291,294,319,326,330,341,361,390,393,408,431,461,487,554,563,653,703,705,778,959
478|123,191,314,365,381,408,440,554,580,660,977
480|253,415,439,654
481|313,408,458,608,660,707,714,737
482|45,282,701
483|128,223,240,250,306,431,519
484|518,848
485|821,881
487|23,47,133,136,176,239,309,332,505,531,581,592,685,707,824,845,888,889,965
490|86,352,363,412,479,499,521,558,669,671,695
493|13,23,55,91,145,182,980
495|134,807
496|66,647,906
497|415
498|241,380,437,446,470,484,530,650,838,865,963,996
505|44
507|881
509|477
510|647
513|25,38,89,417,428,490,615,667,679,680,858,873,919
514|53,122,145,232,305,392,603,667
516|151,372,727
518|922
521|161
523|7,303,756,838
525|537
526|6,110,466,854
527|26,99,132,221,464,556
530|96,762
531|463,637,961
538|260
539|227,242,247,271
540|75,280,315,572,716,968
543|334
544|98,154,222,448,516,599,689,700,728,983
545|117,197,327,368,526,741,965,978
548|11,19,83,84,161,247,248,259,361,427,456,509,519,639,668,697,703,764,788,830,897
549|199,263
550|22,94,219,281,968
555|133,161,171,237,239,257,314,315,323,324,325,328,329,337,338,345,346,353,354,363,364,365,366,367,371,372,373,374,375,381,382,383,384,385,386,387,388,389,397,398,399,400,416,417,418,419,420,421,422,423,424,425,443,444,445,446,447,448,449,450,451,452,453,454,455,469,470,471,472,473,474,475,476,477,478,479,480,493,494,495,496,497,498,499,500,501,502,503,504,526,527,528,529,530,531,532,533,534,535,536,537,538,539,540,541,542,564,565,566,567,568,569,570,571,572,573,574,575,576,577,578,579,580,581,582,583,584,585,586,616,617,618,619,620,621,622,623,624,625,626,627,628,629,630,631,632,633,634,635,636,637,638,639,681,682,683,684,685,686,687,688,689,690,691,692,693,694,695,740,741,742,743,744,745,746,747,748,749,750,751,752,753,754,755,756,757,758,759,760,809,810,811,812,813,814,815,816,817,818,819,820,821,822,823,824,825,826,863,869,870,871,872,873,874,875,876,877,878,879,880,881,882,883,884,885,888,937,938,939,940,941,942,943,944,945,946,947,948,949,950,951,952,953,954,955,956,957,958
557|349,571,738,978
558|24,95,142,246,314,317,341,365,381,394,491,699,721,771,783,906,918,941,969
559|487,834
560|664
562|140,204,205,409,643,769,807
565|317,760
567|204,231,253,775,982
568|104,160
569|98,300,313,349,387,418,429,433,455,460,471,481,535,568,609,636,712,713,714,730,807,848,915,940,971
570|467
576|17,49,56,78,117,178,334,437,468,490,501,587,624,633,638,654,704,825,835,952,958,973,993
578|37,140,158,837
580|7,74,106,140,144,162,271,420,502,509,522,641,702,821,969
581|755,932
584|40,280,332,940
586|12,71
587|400,495,499,622,695,806,819,823,955,967
588|993
590|85,148,200,201,273,303,514,784,796,835,865,891,897,915,959
592|64,137,193,267,462
594|86,482,651
596|51,606,858
598|177,195,396,719,773,999
600|133,239,559,738
602|440
604|203,244,644,969
607|56,255,267,328,417,539,587,616,788,993
608|239,806
610|2,7,17,24,46,48,59,97,106,116,132,133,140,172,173,199,220,238,317,346,348,363,367,404,421,426,444,451,452,506,509,527,536,579,581,601,629,637,693,788,818,824,870,878,888,944,968
611|515
613|51,67,85,89,109,252,274,284,293,300,331,354,366,422,425,463,518,537,542,549,638,748,764,822,876,946,949,954,967,977
614|0,7,8,9,11,15,16,17,18,19,21,22,23,24,25,26,27,28,34,35,36,37,38,39,40,41,42,43,44,45,46,47,48,49,50,58,59,60,61,62,63,64,65,66,70,74,75,76,77,78,79,80,81,82,83,84,85,86,87,92,93,94,95,96,97,98,99,100,101,102,103,104,105,106,111,112,113,114,115,116,117,118,119,120,121,130,131,132,133,134,135,136,137,138,139,140,141,142,143,144,149,150,151,152,153,154,155,156,157,158,159,160,161,162,163,164,167,168,169,170,171,172,173,174,175,176,177,178,179,180,181,191,192,193,194,195,196,197,198,199,200,201,202,203,204,205,206,207,208,209,215,216,217,218,219,220,221,222,223,224,225,226,227,228,229,230,235,236,237,238,239,240,241,242,243,244,245,246,247,248,258,259,260,261,262,263,267,268,269,270,271,272,273,274,280,281,282,283,284,288,289,290,299,303,304,312,316,317,326,330,335,340,341,356,401,410,426,455,463,481,505,543,544,545,548,587,593,640,641,642,643,644,657,696,697,698,699,700,701,702,703,704,705,728,736,761,762,763,764,765,769,771,784,789,792,827,828,829,833,858,886,887,888,889,908,931,940,959,960,961,962,963,964,965,966,967,968,969,987
617|503,580,924
625|154,198,421,837,937
626|205
628|204,386,389,564,583,676
629|1,2,3,4,5,6,10,12,13,14,20,28,29,30,31,32,33,42,51,52,53,54,55,56,57,67,68,69,70,71,72,73,85,88,89,90,91,107,108,109,110,122,123,124,125,126,127,128,129,145,146,147,148,149,166,182,183,184,185,186,187,188,189,192,208,210,211,212,213,214,231,232,233,234,249,250,251,252,253,254,255,256,264,265,266,274,275,276,277,278,279,285,286,287,293,294,295,296,300,301,302,305,306,307,310,311,312,319,320,322,331,351,357,358,362,377,429,430,470,483,484,485,507,508,509,510,520,530,549,550,551,552,553,593,594,595,596,621,655,656,657,658,706,707,708,709,710,711,712,734,770,771,772,773,774,775,776,777,778,779,780,781,782,783,784,799,836,837,838,839,840,841,842,843,844,845,846,847,865,900,901,902,903,904,905,906,907,908,909,910,911,912,913,914,915,916,917,918,963,977,978,979,980,981,982,983,984,985,986,987,988,989,990,991,992,993,994,995,996
630|434,563,743,882,943,945
631|543
632|31,110,163,348,371,372,389,391,409,442,443,454,473,492,495,500,501,527,559,567,613,614,616,625,626,630,670,682,732,741,756,759,791,801,803,809,810,811,812,822,866,869,871,877,883,909,943,955
633|140,207,439,521,934
634|33,357
635|218,339,401,591
636|236,717,899
637|33,256,364,369
638|26,58,62,65,121,169,187,229,394,395,422,547,550,552,556,597,647,658,748,763,765,776,779,827,843,960,971,983
641|153,349,354,363,367,370,402,513,571,590,591,611,648,649,730,744,753,767,768,782,786,830,835,872,879,892,893,896,901,951,967,972,975
645|18,25,27,34,35,39,41,45,58,80,100,101,102,113,130,131,150,159,163,164,175,176,190,194,194,196,201,202,241,282,288,298,332,343,349,359,361,411,412,426,430,435,436,437,461,462,463,487,513,514,515,516,517,519,555,587,601,602,603,663,665,666,696,701,719,721,724,725,726,727,729,763,781,789,790,791,793,828,855,856,889,921,922,998,999
649|539,993
650|20,147,236,646
652|958
653|16,138,156,173,193,292,373
654|207,218,276,280,725,923
655|78,140,144,501
656|613
657|272,922
660|610,933
661|5,12,20,25,79,292,330,331,359,466,502,520,645,649,690,740,809,835
663|26,640,763
664|44
665|314,352,354,387,422,441,442,476,477,496,521,528,532,558,566,571,623,671,741,748,801,808,816,870,875,939
667|361,461,667,922,968
668|37,72,89,109,549,560
669|3,29,31,44,66,68,71,88,91,107,108,122,124,145,182,210,250,293,305,319,377,556,795,847,980,981,990
670|584,895,951,956
671|15,25,29,32,86,100,101,111,156,160,162,175,178,206,212,218,258,276,284,288,292,317,329,340,356,358,361,369,371,382,386,412,417,419,438,506,510,517,521,522,570,585,626,645,658,677,683,709,735,758,771,772,790,800,829,834,842,885,886,912,934,944,964,965
675|276,842
676|152,384,566,619
677|23,45,83,107,157,249,300,304,308,329,332,340,353,364,373,390,399,420,424,434,460,473,491,501,508,513,525,526,534,552,580,585,591,595,618,625,656,665,672,691,707,741,795,816,877,883,903,972
679|165,321,332,342,360,393,482,525,547,646,766,807,926
680|24,41,134,205,282,333,523,591
682|5,12,55,62,65,113,122,130,183,247,319,326,377,385,427,469,487,528,671,677,708,765,789,820,832,849,904,959,960
684|59,129,192,234,249,256,278,310,311,312,322,378,403,429,430,441,455,484,489,507,508,509,519,527,562,583,603,609,645,657,674,712,722,773,780,785,843,844,866,877
685|94,245,314,327,385,691
686|16,82,84,94,94,106,120,121,178,229,235,245,289,398,410,412,501,516,525,538,682,712,762,807,836,915,919,934,966,997
688|196,265,286,461,885,907,983
689|179,288,701,961
690|282
691|261
692|112,155,215,283,290,296,352,515,521,595,600,893
694|20,21,34,44,45,64,66,77,118,119,120,130,144,146,149,159,177,182,195,196,200,201,202,211,216,241,243,259,269,272,280,288,299,441,483,622,732,819,876,889
696|935
697|324,338,365,373,419,425,443,445,447,449,473,527,529,531,568,569,570,573,616,617,618,682,741,806,809,810,869,870,871,926,954,995
698|18,81,98,215,222,283,349,389,424,429,444,467,473,479,501,512,527,544,553,561,583,587,596,603,625,650,691,695,697,700,705,750,764,779,821,877,883,926,927,929,936,949,957,964,974,975
699|474,742
701|198,408,431,457,713,849,982
702|98,222,700,934
703|45,47,95,156,227,229,410,504,510,795,818,864,914,920
704|8,46,78,137,140,144,158,191,313,431,698,699,792
707|6,708,887,979,988
708|35,39,50,113,131,142,150,158,161,163,164,190,206,230,290,298,332,349,359,360,361,367,404,411,412,413,426,430,435,436,437,461,462,463,488,513,514,515,516,517,555,597,600,601,602,603,659,663,665,666,667,699,719,721,722,723,724,725,726,727,728,729,752,781,789,790,791,792,793,829,830,855,856,864,921,922,923,960,998
709|4,10,91,104,255,265,572,737,796,839
711|26,106,168,176,179,229,315,328,364,375,407,417,443,477,493,528,577,584,585,605,617,618,626,636,638,649,659,681,682,684,685,693,694,755,756,757,787,809,810,812,816,817,819,824,825,841,869,874,879,880,883,889,893,945,952,956,968,997
713|51,81,136,225,244,249,294,766
714|127,406,673,734,852,854,859,927
715|2,6,164,292,339,376,456,505,514,519,544,553,555,558,579,605,645,669,671
716|441,448,742,814
717|580,631,953
718|476,934,939
721|53,122,710
723|122
724|153,175,412,464,496,515,517,601,605,716,723,729,908,922
725|106
726|340,460,508,513,585,672
728|24
730|70,86,109,185,232,263,276,337,344,373,423,424,427,434,473,488,492,535,549,588,593,618,631,634,683,685,689,691,741,747,769,769,777,805,858,883,935,938
731|44,53,61,62,65,66,68,92,107,108,113,119,130,131,139,151,155,167,177,195,196,202,215,216,218,228,229,240,280,289,299,319,462,487,710,789,797,801,857,887,888,903,917,934,959,960,986,990
734|60,299,662,728,746,820,869,894,917,937
738|569,787
739|334
741|35,150,360,426,466,489,520,714
743|137,248,405,726,756
744|2,6,188,279,286,292,307,339,375,376,387,392,456,505,519,528,553,560,579,605,669,794,801,861
746|32,157,321,342,347,393,457,482,531,546,647,752,766,891,970,976
747|28,52,118,180,217,222,437,438,506,659,700,702,730,963,974
752|43,52,82,83,162,226,268,380,424,460,508,720,761,779,809,829,830,888,909
754|55
756|94,207,823,882
757|14,182,267,285,344,370,439,464,465,466,490,518,520,557,559,560,604,636,668,673,730,731,732,794,795,797,798,925
758|7,17,27,38,40,42,54,62,66,74,91,138,141,145,151,153,173,193,262,263,265,282,286,315,332,353,360,372,392,409,418,468,490,494,505,522,525,558,564,567,612,641,643,675,696,703,704,747,796,807,873,907,946,956,960,962,974,982,983
759|84,160,676
761|0,3,8,10,12,14,15,24,45,51,66,67,71,80,90,92,101,110,111,126,127,129,142,147,165,183,184,185,200,211,212,230,232,234,236,249,250,253,254,255,256,258,261,274,275,278,285,291,293,295,301,302,306,307,310,311,312,320,322,331,339,390,403,443,453,478,489,543,548,549,555,593,630,631,699,721,725,751,754,768,775,798,834,839,840,845,857,900,907,908,923,926,932,937,980,984,985
762|53,697
764|4,29,31,63,70,164,200,261,267,289,377,463,464,719,792
766|240,352,422,441,442,521,571,748,808
767|208,433,712,713,971
769|77,94,100,120,156,245,313,341,344,520,763
770|6,338,375,388,389,412,455,478,498,516,537,542,575,622,623,625,681,756,809,815,871,874,881,929,941,955
771|17,22,42,48,97,114,116,132,133,136,140,172,173,238,240,309,329,346,348,355,358,359,363,376,451,461,486,509,510,538,562,581,664,665,669,671,672,687,691,693,752,771,772,785,788,818,824,865,878,888,894,908,921,944,968,997
773|46,117,157,170,199,238,906
775|100,323,400,408,536,586,813,872,876,956
776|58,59,654,868
778|40,74,141,274,440,561
779|72,109,323,366,367,381,382,397,400,416,417,418,421,444,450,452,479,495,503,528,536,542,567,575,579,582,586,614,671,682,695,751,755,758,759,760,818,822,823,824,826,863,869,876,884,885,944,946,951,956,957
782|3,7,12,17,27,30,32,42,44,51,52,56,62,65,66,67,69,72,73,74,88,89,109,123,124,141,151,153,166,211,215,231,249,250,251,252,253,254,255,262,264,266,269,274,277,293,300,301,315,331,349,353,372,377,418,429,465,494,513,522,549,551,560,567,596,641,643,675,696,708,712,770,771,772,773,774,789,797,836,837,838,841,842,866,900,901,902,903,904,905,910,915,916,960,962,977,978,979,986,989,993
785|26,169,763,827
786|17,81,153,181,190,197,287,297,298,308,313,327,332,333,334,336,343,344,348,349,350,351,352,359,360,361,362,369,370,378,379,380,394,395,396,403,404,405,406,407,408,409,410,411,412,413,414,415,431,432,433,434,435,436,437,438,439,440,441,442,458,459,460,461,462,463,464,465,466,467,468,486,487,488,489,490,491,492,511,512,513,514,515,516,517,518,519,520,521,522,523,524,525,554,555,556,557,558,559,560,561,562,563,597,598,599,600,601,602,603,604,605,606,607,608,609,610,611,612,613,614,615,659,660,661,662,663,664,665,666,667,668,669,670,671,672,673,674,675,676,677,678,679,680,704,713,714,715,716,717,718,719,720,721,722,723,724,725,726,727,728,729,730,731,732,733,734,735,736,737,738,739,785,786,787,788,789,790,791,792,793,794,795,796,797,798,799,800,801,802,803,804,805,806,807,808,848,849,850,851,852,853,854,855,856,857,858,859,860,861,862,863,864,865,866,867,868,919,920,921,922,923,924,925,926,927,928,929,930,931,932,933,934,935,936,962,973,997,998,999
787|814
788|526
790|60,103,237,270
791|21,204,235
793|202,785
794|329,339,384,399,442,448,474,475,496,531,532,571,572,669,806,899,935
795|35,39,150,157,190,198,238,426,743
796|812,813,885
797|206,944
798|40,464,518,604
799|16,22,23,25,38,39,47,50,58,59,75,77,87,94,95,96,100,116,120,133,181,219,220,235,273,281,291,326,342,356,362,368,411,415,417,428,435,490,505,525,615,640,645,667,675,679,680,699,762,763,800,808,852,873,898,898,910,919,933,964,978
801|1,4,5,6,9,10,11,12,13,16,29,32,36,37,38,40,47,51,53,54,57,63,67,68,70,71,72,75,88,90,96,103,104,108,109,123,124,125,126,127,128,129,144,146,148,153,174,176,182,183,184,185,188,190,196,210,211,212,220,230,231,232,233,234,237,251,252,255,270,275,276,278,293,300,301,302,306,310,311,315,319,320,322,325,327,331,333,338,344,363,367,369,374,383,387,408,413,417,419,420,422,423,424,435,438,446,447,450,453,460,467,468,472,474,476,478,485,490,492,494,502,508,514,522,525,532,538,539,541,542,543,549,553,568,571,573,577,578,579,581,585,586,587,593,612,613,614,619,620,621,622,625,626,630,631,633,636,637,640,641,642,643,664,671,672,673,677,679,683,686,687,694,695,700,702,708,730,731,736,746,747,749,751,752,755,756,757,758,760,761,762,763,771,772,775,781,783,790,794,795,799,801,802,803,804,814,820,821,822,823,824,825,826,827,828,836,839,841,845,856,859,861,867,870,872,873,880,882,883,884,885,887,889,895,899,904,905,906,907,908,912,919,926,928,932,935,939,942,943,945,947,948,949,951,952,953,954,955,957,961,962,967,968,969,979,982,984,985,989,990,991,993,994
803|33,528,957
804|544,764,887
807|361,417,461
809|147,213,278,352,364,375,388,451,458,534,577,600,626,720,749,817,874,878
810|26,260,345,373,395,477,507,538,556,698,740,835,857,875,985
811|408,452,484,754,773,812
814|50,69,83,150,170,199,238,239,269,273,333,468,556,635,699,762,790,898,967
815|118,164,298,790,793,854,859,867,902,922
816|325,373,447,485,717,746,866
817|0,24,26,36,74,78,79,85,140,141,156,158,190,267,296,308,325,350,409,426,444,458,511,524,536,543,544,570,641,648,688,689,719,749,764,824,899,924,925,962,967,976
818|259,920
819|670,729,732,791,866
820|531,650,651,860,894
821|15,43,106,191,313,399,407,431,477,654,698,705,879
825|0,190,363,479,499,587,695
828|521,795
830|129,234,249,256,278,279,310,311,312,322,362,509,933
831|55,110,379,409
832|39,385,553,596,658,774,946,969
833|106,389,714
834|33,318
836|239
837|84,105,360,413,461,481,488,525,578,582,586,606,694,711,718,723,758,760,825,828,864,952,957
838|247,257,360,469,668,688,742,757,788,848,851,928
839|245
840|33,318,326,401,702,810
843|180,271,924,987
845|384,999
847|0,7,8,9,11,15,16,17,18,19,21,22,23,24,25,26,27,28,34,35,36,37,38,39,40,41,43,44,45,46,47,48,49,50,58,59,60,61,62,63,64,65,66,74,75,76,77,78,79,80,81,82,83,84,85,86,92,93,94,95,96,97,98,99,100,101,102,103,104,105,106,111,112,113,113,114,115,116,117,118,119,120,121,130,131,132,133,134,135,136,137,138,139,140,141,142,143,144,149,150,151,152,153,154,155,156,157,158,159,160,161,162,163,164,167,168,169,170,171,172,173,174,175,176,177,178,179,180,181,191,192,193,194,195,196,197,198,199,200,201,202,203,204,205,206,207,208,209,215,216,217,218,219,220,221,222,223,224,225,226,227,228,229,230,235,236,237,238,239,240,241,242,243,244,245,246,247,248,258,259,260,261,262,263,267,268,269,270,271,272,273,276,280,281,282,283,284,288,289,290,292,299,303,304,426,463,475,517,543,544,587,588,640,641,642,643,696,697,698,699,700,701,702,728,761,762,763,764,765,789,792,827,828,886,887,888,889,959,960,961,962,963,964,965,966,967,968,969,993
849|46,84,117,132,137,157,171,313,328,337,410,419,453,455,466,529,540,544,544,565,580,619,636,678,717,743,750,759,792,877,941,964,969
850|16,27,74,166,240,299,382
851|33,83,134,171,221,270,357,599,713,752,829,830,890,890,967
853|14,35,50,150,170,190,198,238,275,295,390,426,505,578,602,667
854|125,145,980
855|924
857|519,668,697,764
858|143,247,341,344,469,598,688,742,757,848,851,856
859|58,292,472,516,686
860|600
861|41,229,821,957,969
862|15,59,75,96,180
863|19,181,284,297,378,404,444,615,620,873,941,969
865|57,186,296,340,371,378,449,507,526,541,541,580,616,632,636,891,904
866|261
867|25,405,469,532,785,885,945
869|187,214,286,297,307,357,362,403,404,523,550,552,592,594,741,776,912,917,950,985,992
870|4,14,26,29,33,44,51,55,56,57,62,64,65,69,70,71,72,73,79,84,89,104,107,108,128,129,130,131,132,139,145,147,154,179,183,186,187,188,189,193,209,213,214,226,227,234,249,250,252,253,254,255,256,261,266,267,275,277,278,279,285,286,296,302,303,304,307,310,311,312,322,357,358,415,429,430,462,483,487,507,509,510,549,550,551,552,553,560,594,595,655,656,658,700,706,711,734,762,772,776,777,778,779,783,796,837,841,844,858,902,904,906,908,910,911,916,917,960,961,980,981,982,983,984,985,986,990,991
872|825
874|299,499,500,518,544,596,682,764,886,949
875|491,866
877|114,829
878|378,431,567,636,656,661,707,825,945
879|129,205,639,866
880|67,166,251,797
881|988
883|2,16,47,75,273,281,445,553,559,803,906,991
884|314,343,359,421,475,480,504,657,825,826,888,950,951,998
885|379,409,414,459,511,523,599,608,853
886|46,98,112,170,181,199,238,396,449,639,675,697,807,963
888|22,47,95,174,220,544
889|94
890|139,677
891|46,63,77,114,121,138,160,161,170,548,779
892|126,144,283,400
893|24,114,162,191,260,370,519,699
894|36,102,305,340
895|53,710
896|82,361,602,639
897|339,493,554,787
898|702
899|72,89,109,260,325,367,549,560,660,686,811,915
900|378,408,418,444,636,945
901|965
904|287,290,401,650,651,666,716,832,854,860,870,894,897,910,911,964,976,978
906|9,187,357,369,383,415,421,451,467,480,550,582,606,624,806,879,912,917,952
907|273,302,663,934
908|52,154,159,323,328,348,366,400,479,533,562,564,590,665,672,729,744,752,815,816,855,860,873,874,876,921,953,974
911|61,225,283,327,332,360,378,385,388,525,675,691
912|302
913|389,528,531,800,811,911
915|187,550,964,983
916|733
918|143,217,262,385,442,474,571,678,998
919|86,257,315,324,325,329,337,338,353,354,365,373,374,383,384,385,391,396,398,399,415,419,420,421,434,442,445,446,447,448,449,450,472,473,474,475,476,485,491,527,528,529,530,531,547,557,566,568,569,570,571,572,573,574,604,620,621,627,632,635,652,654,674,676,686,687,690,704,742,774,791,806,811,812,820,860,877,890,893,901,936,954,995
920|374,687,742
922|96,762,769
923|147,184,558,669,712,765,778,841,910
925|11,81,124,175,192,209,280,287,294,353,413,421,446,492,497,522,530,531,545,574,586,613,614,621,633,660,679,694,704,739,784,806,807,840,847,868,914,970,984,996
926|56,72,109,129,133,214,273,279,307,347,385,405,549,659,805,888,917
927|273,385,600,721,765,950
928|43,49,75,96,162,206,248,289,346,363,364,375,387,404,417,451,458,459,470,479,497,534,538,565,575,577,610,624,626,627,628,636,656,685,698,728,735,739,749,762,798,815,817,818,867,869,871,874,878,902,927,928,935,937,940,945
932|568
933|73,161,209,240,266,277,303,304,346,350,373,375,378,388,406,433,465,469,493,513,540,568,606,655,714,787,789,795,832,859,877,937,938
934|102,164,292,411,486,605,821
936|2,18,22,25,32,35,41,46,47,75,78,95,103,133,137,150,156,170,171,198,220,237,239,281,343,348,349,354,360,366,367,368,370,383,384,386,387,401,402,404,406,414,426,437,451,452,455,463,466,475,484,487,500,503,504,511,515,517,520,522,531,533,535,545,561,566,568,582,606,618,619,628,659,666,673,688,692,699,716,724,725,733,737,738,746,754,788,792,815,821,843,848,894,899,923,944,950,954,983
937|336
938|482,651
939|27,103,105,153,219,220,236,281,323,382,430,436,437,463,484,507,510,515,517,601,609,630,643,667,674,675,696,709,711,724,727,729,777,781,790,827,828,837,846,848,856,863,901,904,928,929,930,963,998
940|83,189,246,278,311,371,394,491,493,584,616,706,756,980
942|39,46,50,59,92,124,137,138,160,170,173,193,199,206,213,228,234,295,385,464,465,510,611,699,792,799,887,898,920,980,999
943|12,15,39,59,90,101,111,118,150,158,184,213,265,286,288,306,386,447,490,513,520,534,585,597,620,621,694,701,722,723,771,777,790,798,799,808,861,887,902,907,983
945|108,310,687
947|289
949|26,62,65,187,550,556,763,960
950|138,281,602,623,690
952|166,782,975
953|202,552,597,658
956|536
961|263,292,317,318,427,476,588,939
963|168,206,226,268,289,761
965|4,14,26,29,44,51,62,64,65,71,79,80,81,89,93,104,107,108,112,113,131,139,145,147,154,179,183,193,209,226,227,230,234,249,250,254,255,256,261,267,303,310,311,312,322,384,450,487,491,515,610,620,634,644,675,691,700,721,757,762,789,790,793,867,914,960
966|936
971|956
972|336,348,425,584,638,668,753,755,756,822,880,881,909,943,945
973|69,118,212,253,259,262,263,285,304,317,414,467,516,534,560,669,734,793,859,864,867,902,905,913,982,993
974|834
975|272,719,999
977|114,368,415,435,475,526,544,676,741,800,806,852,877,910,964,978
979|402
980|50,97,132,137,343,584,792,923
981|75,918
982|22,63,70,94,185,200,232,236,325,339,353,372,406,418,463,478,505,533,567,576,593,616,618,656,669,740,745,746,747,759,777,779,787,809,814,815,817,858,869,871,929,938
983|1,2,4,110,127,146,178,214,274,320,366,381,382,567,614,624,682,743,758,775,808,813,815,885,922,938,981
984|308,334,337,386,408,431,453,535,540,632,638,656,661,692,707,751,754,851,881,919,945,998,999
985|374,589,971
986|18,371,372,443,445,495,496,500,567,587,614,616,626,630,682,688,749,759,809,810,869,871,955
987|350
989|227
990|185,231,611
991|359,805
992|30,31,73,120,181,332,355,370,411,429,439,464,465,466,490,518,520,557,559,600,604,658,668,684,712,730,732,780,794,795,797,798,914,915,925
996|455,581,685,753,899
1000|180,222,344,400,489,510,590,615,700
1001|715
1003|165,321,342,347,393,457,482,546,547,647,766,891,970,971
1004|133,205,257,338,421,446,577,644,888
1005|8,16,57,111,145,150,187,190,214,224,270,286,297,307,319,351,357,362,403,404,419,432,440,471,479,484,501,507,523,550,552,578,592,594,595,628,664,665,699,701,717,741,748,776,782,802,813,846,853,855,899,911,912,913,916,917,918,950,952,965,983,985,986,987,988,989,991,992
1006|333,380,635,720,732,734,930,942
1008|86,352,357,412,506,521,558,645,650,669,671
1012|0,8,11,17,18,21,22,27,34,35,39,40,41,50,64,66,78,80,81,82,94,100,101,103,104,105,106,117,118,119,141,158,159,175,176,177,194,200,201,202,216,221,225,226,242,426,517,543,544,587,642,699,701,763,792,827,828,886,888,889,962
1013|19,84,85,177,195,203,244,273,303,424,473,511,604,609,691,773,931,999
1015|94,217,257,262,315,324,325,329,337,338,353,365,373,374,383,384,385,386,398,399,400,419,420,421,442,445,446,447,448,449,450,472,473,474,475,495,527,528,529,530,531,566,568,569,570,571,572,573,574,620,621,622,632,635,678,686,687,742,806,811,872,877,954,995,998
1016|411
1017|461
1018|237,287,303,439,441,448,489,531,562,572,603,604,662,675,722,811
1023|39,150,158,346,349,404,513,534,585,597,601,610,722,723,799
1024|64,131,193,267,462
1033|52,345,349,475,513,567,614,720,770,791
1036|290
1037|848
1040|157,525
1042|52,454,564,590,672,729,768,770,786,846,903,974,986
1045|409,454,786,846
1046|198,313,787
1047|20,58,165,368,376,402,422,428,457,500,539,540,562,580,590,633,646,765,961
1048|431
1054|60,92,96,207,248,325,752,762,908,922,971
1056|22,49,63,76,99,115,122,152,153,172,221,223,224,243,247,289,399,572,691,699,856,877,906,994
1058|378,512,526,541,580,603,615,739,750,929
1059|257,314,315,323,324,325,328,329,337,338,345,346,353,354,363,364,365,366,367,371,372,373,374,375,381,382,383,384,385,386,387,388,389,397,398,399,400,416,417,418,419,420,421,422,423,424,425,443,444,445,445,446,447,448,449,450,451,452,453,454,455,469,470,471,472,473,474,475,476,477,478,479,480,493,494,495,496,497,498,499,500,501,502,503,504,526,527,528,529,530,531,532,533,534,535,536,537,538,539,540,541,542,564,565,566,567,568,569,570,571,572,573,574,575,576,577,578,579,580,581,582,583,584,585,586,616,617,618,619,620,621,622,623,624,625,626,627,628,629,630,631,632,633,634,635,636,637,638,639,681,682,683,684,685,686,687,688,689,690,691,692,693,694,695,740,741,742,743,744,745,746,747,748,749,750,751,752,753,754,755,756,757,758,759,760,809,810,811,812,813,814,815,816,817,818,819,820,821,822,823,824,825,826,869,870,871,872,873,874,875,876,877,878,879,880,881,882,883,884,885,920,937,938,939,940,941,942,943,944,945,946,947,948,949,950,951,952,953,954,955,956,957,958
1060|1,10,12,13,30,54,55,69,110,125,126,136,146,148,163,171,183,214,264,265,275,279,285,287,295,297,307,309,316,318,334,335,337,354,356,364,366,367,376,386,387,398,399,407,409,420,424,436,439,444,450,455,461,463,473,475,488,503,505,520,524,530,531,533,534,548,552,556,563,568,569,570,571,572,574,580,593,594,595,604,608,613,615,627,635,638,639,646,652,653,656,662,664,666,675,676,681,715,716,731,735,745,750,759,768,770,775,781,786,793,803,804,805,807,810,811,819,839,840,869,870,888,892,898,903,907,919,924,927,928,930,935,937,948,978,992,994,995
1061|67,311,925
1063|52,380,487,720,779,809,888,909
1064|171,395,477,496,527,875
1066|216,227,388,476,561,715,747,767,811,873,946
1068|647,930
1069|303,929,949
1070|361,778,932
1079|252,262,274,435,518,563,674,791,794
1080|2,559,611,803,906,991
1081|420,485,493,570,585,636,638,684,685,693,710,755,756,757,810,818,819,824,880,883,945
1082|434
1084|144,168,202,216,226,268,686,761,942
1088|382,614,758,885
1093|30,186,266,327,436,493,508,513,619,655
1094|21,34,44,45,61,64,66,77,116,118,119,130,141,149,151,159,177,180,192,196,199,200,201,202,216,228,241,260,261,269,272,288,299,362,380,441,451,452,483,640,732,765,807,889,957,963
1098|19,83,84,161,247,259,271,315,649,893
1101|949
1103|6,9,19,23,46,48,49,76,93,115,121,136,144,152,154,155,156,162,172,194,199,204,209,220,221,223,237,243,253,259,263,270,281,283,284,294,295,323,381,391,457,624,675,708,840,868,880,888,979,982
1105|651,715
1110|466
1114|1,4,6,10,13,42,54,70,90,125,126,128,146,148,184,212,265,285,294,302,305,306,438,489,505,603,667,731,775,796,812,839,840,908,980
1118|76,165,225,244,318,368,376,402,428,457,588,646
1119|24,61,119,241,269,280,329,380,381,416,437,446,470,482,484,530,570,646,650,712,738,759,766,831,838,862,865,888,895,920,957,963,996
1121|142,246,394,491,545,721,756,771,783,822,993
1123|1,3,4,10,12,13,52,69,70,71,88,109,123,124,126,146,147,155,165,179,183,184,185,211,231,250,251,252,264,274,275,293,301,302,321,334,350,355,368,376,398,402,411,423,428,445,457,461,468,488,526,541,559,580,593,624,646,669,676,687,731,738,759,766,766,770,772,775,795,830,836,837,838,839,888,902,905,907,977,978,979
1124|11,77,100,229,262,413,429,522,545,583,586,633,694,712,739,763,970,984
1125|55,183,252,256,387,440,518,561,624,628,743,813,981
1126|301,484,912,987
1127|19,84,91,147,278,306,356,402,519,646,807,980,984
1128|15,42,57,59,82,97,105,117,127,143,163,171,253,295,320,334,361,367,387,415,416,420,440,449,450,461,488,490,514,530,550,565,571,575,612,635,639,651,652,714,759,778,781,823,853,910,955,967,977,982,994
1129|214,279,286,307,439,643
1130|44,56,57,60,61,62,73,86,106,111,129,135,143,149,151,152,168,178,181,187,192,195,202,204,222,228,235,248,253,260,261,270,272,281,289,299,312,313,315,350,359,379,380,404,407,423,429,433,458,472,479,481,483,484,486,507,511,525,529,535,551,568,597,607,612,619,640,655,656,666,679,681,700,707,718,719,728,733,745,761,778,781,786,788,820,838,841,842,853,865,868,870,887,901,910,912,915,931,932,959,989,996
1132|46,64,163,179,193,298,308,361,367,413,488,517,601,662,670,720,725,790,791,847,866,923
1134|491,614,741
1135|141,192,197,260
1136|71
1137|23
1140|340,371,565,607,612,616,739,891,966
1143|42,311,418,451,475,503,528,569,581,582,584,635,682,753,754,824,879,923,952
1144|690
1154|7,15,35,46,53,57,111,122,145,150,157,234,245,305,322,349,363,370,380,515,558,641,666,760,826,831,865,882,893,958,967,996
1155|0,8,11,17,18,21,22,27,34,35,39,40,41,50,64,66,78,80,81,82,94,100,101,103,104,105,106,117,118,119,141,158,159,175,176,177,194,200,201,202,216,221,225,226,242,517,543,544,587,642,699,701,763,792,827,828,886,888,889,962
1160|276,842
1164|52,83,161,264,304,313,337,350,372,378,384,406,414,433,458,475,511,531,598,602,665,707,714,720,770,791,821,851,860,998
1166|687,922
1167|16,140,155,172,173,217,224,236,240,262,276,343,354,442,533,571,601,608,637,678,684,726,853,940,968,998,998
1169|15,147,196,247,278,294,305,339,390,438,480,504,650,664,696,730,737,812,825,826,950,951,980,988
1171|0,8,204,330,543,851
1172|26,35,92,139,150,175,190,194,222,223,287,343,420,426,435,437,462,504,522,527,591,602,603,609,700,702,877,974
1177|993
1178|21,205,298,316,321,327,335,368,374,385,425,427,436,450,546,573,574,589,599,621,676,836,872,890,971
1179|77,94,100,120,156,245,517,763
1181|100,346,363,371,448,469,470,534,542,564,565,577,586,636,692,694,749,753,755,822,864,875,937,938,944
1183|259,317,558,669,956
1185|32,129,230,269,304,318,342,392,393,400,409,422,433,482,483,488,506,546,554,589,590,591,595,628,645,646,647,648,650,651,739,761,782,805,834,841,872,876,892,894,896,924,934,939,947,953,970,972,975,976,989,991
1186|3,34,52,69,88,109,112,123,124,207,211,231,250,251,252,264,274,292,293,468,638,642,669,770,772,836,837,902,905,918,977,978,979,994
1191|301,484,490,499,615,694,760,818,825,842,870,912,957,987
1192|46,50,81,87,112,114,115,143,170,200,215,290,291,316,318,326,335,340,341,356,392,400,401,481,495,499,504,505,545,553,589,594,595,596,622,644,661,695,699,720,776,781,784,823,829,845,856,917,958,967,973
1194|16,69,138,205,225,244,263,264,287,316,329,330,333,335,345,370,421,468,472,482,556,557,577,588,611,635,644,654,661,662,665,667,703,704,735,748,768,786,798,860,868,898,910,925,931,992,995
1195|370,438,664,730,857,896
1196|464,831
1197|143,168,228,260,261,289,761,973
1199|51,606,858
1203|53,68,87,89,119,204,263,309,329,339,355,384,399,432,442,448,474,475,531,571,572,574,621,654,709,806,896,896,906,920,995
1204|46,50,97,137,170,340,515,521,669,671,699,897,961
1205|246,297,378,394,395,403,404,432,486,491,552,601,713,716,776,798,855,920
1209|158,308,349,361,367,409,413,437,488,513,555,597,666,720,722,913
1210|16,27,32,38,63,78,79,94,104,120,156,161,163,181,205,227,229,271,272,313,323,360,366,434,479,499,503,543,563,643,674,755,781,791,847,882,942,945,954,955,981
1212|228,997
1215|2,5,25,30,31,40,73,85,110,127,137,166,169,172,173,224,296,302,309,332,350,355,396,411,413,416,423,426,429,466,484,485,524,525,563,568,598,600,607,608,637,658,663,681,684,707,712,726,759,780,782,804,838,860,866,870,914,915,929,930,936,968,975,989,996,998
1216|35,39,50,56,127,150,167,190,254,267,313,358,408,426,458,463,513,551,608,660,707,710,714,737,842,855,886,914,921
1217|832
1218|59,209,283,998
1223|18,242,299,785,908
1224|228,246,297,369,385,394,395,404,460,601,610,658,659,691,716,785,843,852,920
1225|156,205,292,439,466,489,520,521,560,605,620,669,670,730,731,794,797,798,861
1227|169,246,287,308,327,333,348,350,351,362,380,394,396,403,404,406,407,440,459,486,511,512,523,524,525,552,563,599,607,608,615,658,674,675,680,716,718,722,723,724,733,734,735,776,786,788,794,798,800,843,849,852,859,860,861,862,865,911,919,920,927,929,930,931
1229|65,104,277,298,300,301,308,315,347,391,405,415,425,434,445,475,477,528,547,556,582,584,588,638,654,659,673,733,750,756,787,806,866,875,898,900,909,916,971,988,997
1230|102,486
1231|228,459,849
1233|203,244,245,702
1234|43,474,516,532,890,948,988
1235|328,375,406,431,553,681,855
1236|103,210,292,403,486,601,662,767
1237|51,71,182,370,499,500,520,540,541,598,606,682,732,751,854,909,924
1238|3,21,41,58,67,120,154,166,178,181,209,237,249,430,512,529,559,596,643,696,739,782,803,826,827,828,837,841,975,994
1240|23,81,83,85,95,129,161,171,203,209,220,229,230,244,269,273,304,324,403,433,437,454,471,484,508,554,670,711,721,761,766,811,841,850,852,944,989
1241|90,559,611
1242|29,53,110,122,126,145,189,202,210,214,234,250,302,305,331,464,466,552,597,598,658,706,855,906
1244|14,122,130,165,274,275,312,319,376,402,468,487,523,843,858,859,959
1245|33,328,357,379,409,418,483,500,512,580,595,630,631,633,648,736,844,916,941,953
1246|113,143,203,244,272,297,327,378,410,491,512,554,594,599,661,693,721,741,776,787,803,811,812,852,867,919,926,969
1248|32,163,203,289,380,436,512,594,678
1251|7,509,650,833,897
1252|103,155,237
1254|568
1256|180,297,337,341,403,405,410,432,447,449,498,500,507,510,539,540,541,580,632,661,677,690,717,723,787,850,997
1257|0,8,40,105,118,158,176,200,201,379,543,643,828,889
1258|114,233,242,309,689,867
1259|750,849
1260|144,217,262,399,412,729,755
1261|171,381,395,400,477,629,634,650,713,734,740,849,875,941,985
1262|134,165,282,321,368,376,402,428,457,458,511,646,766,893
1264|166,251,519,579
1265|137,492,610
1266|391
1267|85,284
1270|210
1271|537,647,724,930,956
1275|49,76,115,131,152,223,299,499,500,516,518,682,711,723,793,966
1277|145
1278|631,821,947
1280|612,668,788,915,932,989
1281|257,263,292,314,315,317,318,323,324,325,328,329,337,338,345,346,353,354,363,364,365,366,367,371,372,373,374,375,381,382,383,384,385,386,387,388,389,397,398,399,400,416,417,418,419,420,421,422,423,424,425,427,443,444,445,446,447,448,449,450,451,452,453,454,455,469,470,471,472,473,474,475,476,477,478,479,480,493,494,495,496,497,498,499,500,501,502,503,504,526,527,528,529,530,531,532,533,534,535,536,537,538,539,540,541,542,564,565,566,567,568,569,570,571,572,573,574,575,576,577,578,579,580,581,582,583,584,585,586,588,614,616,617,618,619,620,621,622,623,624,625,626,627,628,629,630,631,632,633,634,635,636,637,638,639,681,682,683,684,685,686,687,688,689,690,691,692,693,694,695,740,741,742,743,744,745,746,747,748,749,750,751,752,753,754,755,756,757,758,759,760,809,810,811,812,813,814,815,816,817,818,819,820,821,822,823,824,825,826,863,869,870,871,872,873,874,875,876,877,878,879,880,881,882,883,884,885,937,938,939,940,941,942,943,944,945,946,947,948,949,950,951,952,953,954,955,956,957,958
1284|122,305,518
1285|210,557,976
1286|654,733,931
1287|213,234,306,464
1288|8,158
1289|466
1290|90,121,611
1292|27,67,68,89,184,311,670,696,797,925
1293|442,454,571,752,883,943
1294|174
1295|870,912
1300|648,933,980
1301|253,285,905,982,993
1302|659,761,832
1303|21,436
1305|28,37,69,72,85,90,149,208,351,556,560,596,708,734,770,799,842,857,858,902,989
1306|464,536,639,864
1307|733
1308|69,104,162,191,203,209,222,240,297,316,318,335,339,356,376,415,416,432,435,436,490,497,508,513,548,565,574,594,613,615,646,652,653,731,743,768,770,803,804,823,840,892,898,920,948,955,977,978,982,997
1309|106,849
1311|87,316,326,335,340,341,356,401,481,505,545,644,829
1313|7,98,179,396,415,485,491,547,557,641,652,690,700,704,771,774,812,820,833,893,901,936,961
1315|1,10,12,13,54,55,110,125,126,146,148,183,265,275,285,295,593,775,839,840,907
1318|60,61,164,298,524,665,709,719,726,999
1320|0,190,587
1321|27,33,62,65,68,89,107,108,122,145,182,210,214,252,256,275,278,279,305,307,310,311,322,323,357,366,483,499,503,518,548,595,606,844,845,858,934,942,954,955,960,980
1322|390
1323|485,738,805,925,976
1324|27,33,62,65,214,252,279,307,357,395,408,483,518,595,715,844,845,960
1325|27,68,438,664,670,696,730,779,797,812,857,871,896
1330|347,418,548,769,833
1331|89,849
1332|208,266,309,344,346,455,493,534,581,610,655,685,753,795
1337|729
1339|162,229,668,677
1340|4,796
1341|75,84,96,314,387,435,578,586,660,695,698,758,760,762,805,826,880,884,885,957,958
1342|557
1343|41,523,976
1345|715
1346|9,25,77,139,157,648,649,715,736,763,893,912
1347|21,50,170,269,544,764,887
1348|97,132,137,792
1352|3,30,32,51,52,67,69,88,89,109,123,124,151,166,211,231,249,250,251,252,264,274,293,300,331,377,441,533,544,549,563,564,651,663,672,727,732,770,771,772,773,774,804,836,837,838,846,894,900,901,902,904,905,972,973,977,978,979
1354|80,81,113,230,249,384,450,491,610,620,634,675,691,721,757,789,790,793,867
1355|204
1357|14,41,51,67,68,107,108,130,165,182,188,234,249,250,252,256,274,279,286,307,310,311,312,314,322,331,339,354,368,376,387,402,441,448,464,477,488,494,518,528,553,565,566,571,584,606,623,730,732,741,743,777,791,797,801,811,812,813,816,857,866,871,896,909,936,944,956,981,992
1358|53,219,348,590,591,641,649,767,768,830,892,972
1360|27
1362|682
1363|127,128,622,690,939
1365|461,640,719,999
1366|46,50,64,97,116,117,131,132,137,140,150,157,161,170,172,173,179,193,224,267,462,699,792,961
1368|2,33,37,135,162,308,343,359,383,384,389,414,442,448,503,504,540,566,644,659,688,712,724,733,813,848,863,912,914,915,958
1372|228,459,849
1373|40,87,107,307,309,322,339,355,368,643,769,777,833,992,994
1375|85,499,500,540,541,682,751
1376|0,7,8,9,11,15,16,17,18,19,21,22,23,24,25,26,27,28,34,35,36,37,38,39,40,41,43,44,45,46,47,48,49,50,58,59,60,61,62,63,64,65,66,74,75,76,77,78,79,80,81,82,83,84,85,86,92,93,94,95,96,97,98,99,100,101,102,103,104,105,106,111,112,113,114,115,116,117,118,119,120,121,130,131,132,133,134,135,136,137,138,139,140,141,142,143,144,149,150,151,152,153,154,155,156,157,158,159,160,161,162,163,164,167,168,169,170,171,172,173,174,175,176,177,178,179,180,181,191,192,193,194,195,196,197,198,199,200,201,202,203,204,205,206,207,208,209,215,216,217,218,219,220,221,222,223,224,225,226,227,228,229,230,235,236,237,238,239,240,241,242,243,244,245,246,247,248,258,259,260,261,262,267,268,269,270,271,272,273,280,281,282,283,284,288,289,290,299,303,304,426,440,463,517,525,543,544,587,634,640,641,642,643,696,697,698,699,700,701,702,735,761,762,763,764,765,827,828,835,886,887,888,889,918,943,959,960,961,962,963,964,965,966,967,968,969,994
1379|378,615
1380|28,702,963
1381|17,48,49,172,468,490,624,654,704,807,835
1382|41,334,491,643,736,786,827,919,976
1383|240,753,852
1385|51,71,108,279,285,286,310,321,368,494,589,606,732,796
1387|336,348,425,638,668,753,756,822,834,880,881,897,909,943,945
1388|471,532,624,744,878
1391|0,543
1392|407
1395|668
1401|812
1402|165,169,246,313,342,348,379,394,395,403,404,405,407,410,434,458,459,486,511,512,540,541,546,547,552,597,599,601,608,615,636,647,658,659,660,661,662,680,713,715,715,736,751,765,776,786,787,788,798,827,843,850,851,852,855,919,920,970,971,976,997
1403|71,514
1405|228,997
1408|0,87,165,200,263,291,292,309,316,317,318,321,326,330,335,339,340,341,342,347,355,356,368,376,386,390,391,392,393,400,401,402,422,427,428,456,457,481,482,505,506,543,545,546,547,548,583,588,589,590,591,592,644,645,646,647,648,649,650,651,652,653,654,688,703,704,705,749,766,767,768,769,829,830,831,832,833,834,835,890,891,892,893,894,895,896,897,898,899,924,970,971,972,973,974,975,976
1410|0,11,18,33,35,37,41,78,99,163,169,181,196,200,221,277,357,367,381,382,387,401,416,426,434,450,469,516,543,587,596,627,675,696,705,739,765,781,793,827,837,841,933,952,957,975,994
1412|621
1413|164
1416|102,352,554,959
1418|175,288
1421|968
1423|48
1424|79,324,347,470,628,643,694,887,952
1425|79,99,102,340,420,779,959
1426|102,634,717,959
1428|79,592,653,899
1429|324,341,352,592,653,899
1430|79,341,554,579,613,629
1431|79,341,352,592,653,899
1433|95,98,155,257,338,383,398
1435|17,42,133,235,269,640,968
1436|674
1437|70,102,112,137,274,312,433,593,797,858,959
1438|9,17,48,962
1439|725
1440|185,198,205,332,356,391,482,661,733,910,931
1442|1,4,10,12,13,70,71,126,146,147,155,180,183,184,185,271,275,301,302,350,355,398,410,411,423,424,445,446,473,501,519,593,624,687,731,766,775,807,830,838,839,881,888,905,907,987
1444|3,19,29,31,54,59,63,70,88,95,112,174,178,194,219,220,227,239,240,250,293,336,377,415,420,435,526,541,796,800,852,910,969,978
1445|9,154,209,896
1446|34,112,117,173,175,194,359,423,642,707
1447|22,26,31,41,136,164,240,332,362,402,417,428,444,466,486,497,525,558,575,664,672,718,780,786,838,854,870,873,886,894,918,921,933,964
1448|324,383
1449|525
1450|182,572,630
1451|8,16,57,111,145,150,190,224,270,319,351,419,432,440,471,479,501,507,578,595,628,664,665,699,701,717,748,782,802,813,846,853,855,899,911,913,916,918,952,965,983,986,987,988,991
1452|57,164,198,238,324,328,338,365,375,388,389,398,408,410,417,428,431,432,440,474,497,498,508,526,567,573,575,579,598,622,623,627,664,672,673,682,687,713,714,718,777,808,809,846,854,868,873,874,913,918,942,954,955,965,984,988,997
1456|77,701,888
1457|197,280,514,790,862
1458|24,49,99,115,152,153,172,221,223,699,912
1461|26,187,406,444,446,455,541,550,940,941
1462|464
1463|330,415,506,514,555,645,968
1464|46,84,97,117,132,137,157,172,173,225,426,728,792,886,969
1466|200,201,242,309,514,583,638,785,835,865,881,891,897,908,959
1468|362,741
1471|178,390,520,592,620,686,766,887,899,900,953,956
1472|17,56,72,73,97,148,153,159,181,183,190,197,232,253,254,255,266,287,287,297,298,308,313,327,332,333,334,336,343,344,348,349,350,351,351,352,359,360,361,362,369,370,378,379,380,380,394,395,396,403,404,405,406,406,407,408,409,410,411,412,413,414,415,419,429,431,432,433,434,435,436,437,438,439,440,441,442,458,459,460,461,462,463,464,465,466,467,468,472,486,487,488,489,490,491,492,495,511,512,512,513,514,515,516,517,518,519,520,521,522,523,523,524,524,525,529,530,535,551,554,554,555,556,557,558,559,560,561,562,563,574,594,596,597,598,599,600,601,602,603,604,605,606,607,608,608,609,609,610,611,612,613,614,615,620,630,656,659,660,660,661,661,662,663,664,665,666,667,668,669,670,671,672,673,674,674,675,676,677,678,678,679,680,686,704,708,712,713,714,715,716,717,718,719,720,720,721,722,723,724,725,725,726,727,728,729,730,731,732,733,734,734,735,736,737,737,738,739,742,759,785,786,787,788,789,790,791,792,793,794,794,795,796,797,798,799,800,801,802,803,804,805,806,807,808,812,841,842,848,849,850,851,852,853,854,855,856,857,858,859,860,860,861,861,862,862,863,863,864,865,866,867,868,893,905,910,911,919,920,921,922,923,923,924,925,926,927,928,928,929,930,930,931,932,933,934,935,936,961,962,989,993,997,998,999
1474|554
1476|236,554,759,787
1478|374,398,591,994
1479|81,115,215,290,318,392,553,594,595,596,720,776,781,784,845,917,958,967,973
1480|554
1481|13,27,55,279,354,374,448,449,474,568,618,687,742,839,854,909
1482|106,112,142,155,215,230,283,290,296,352,399,515,521,547,555,589,595,721,725,729,891,923,971
1483|5,14,29,54,78,90,91,108,122,125,128,148,190,210,212,265,276,306,320,344,346,385,393,438,474,474,476,504,593,677,708,731,742,801,802,804,814,839,847,895,907,947,990
1484|161,227
1485|11,227,242,247,257,303,328,330,347,382,410,509,522,537,538,657,702,824,850,974,997
1486|336,717
1488|837
1490|475
1491|99,221,735,968
1493|733,931
1497|170,269,648
1498|77,180,723,816
1499|59,114,121,157,161,209,283
1500|69,333,468,556,635,898
1502|468,993
1503|373,395,477,507,740,835,875,985
1504|263,292,317,427,456,588
1505|263,292,317,427,456,480,588,636,678,692,755,880,945
1506|215,280,283,303,697,939
1507|257,324,383,398
1508|257,263,292,317,338,427,445,456,473,572,580,588,941
1509|56,246,255,267,314,395,437,464,490,506,587,615,616,668,679,680,738,769,783,788,831,868,895
1510|87,316,326,335,337,433,453,481,540,545,644,829,832
1511|445
1513|6,15,61,101,111,134,171,176,192,258,273,280,295,329,344,457,489,514,524,604,605,634,708,716,721,765,862,889,979,988
1514|473,480,554,767,832
1516|358,480,636,692,755,772,880,945
1517|358,638,772
1519|235,640
1520|338,398,445,572
1521|181,207,358,397,565,696,772
1522|973
1523|338,445,572
1524|841
1525|0,9,25,77,87,139,157,257,316,324,326,335,338,383,398,473,481,543,545,644,763,829
1526|165,257,321,324,342,347,348,383,390,482,547,563,766,942,965
1527|87,316,326,335,481,545,644,829
1528|379,409
1529|46,48,76,87,97,99,115,116,132,137,170,220,316,330,335,358,361,401,461,542,699,704,779,792,829,961
1531|282,347,470,628,694,952
1532|480,636,692,755,880,945
1533|906
1534|272
1535|3,14,91,122,145,156,198,205,228,229,261,273,593,790,801,804,811,857,907,920,941,970,986,990
1536|79,103,237,270,564,636,652
1537|117,164,245,399,504,560,572,587,620,670,719,726,729,790,794,797,798,856,861,921,958
1538|78,86,132,169,395,407,416,458,486,511,533,576,676,679,680,681,759,851,870,908,931,944
1540|36,43,93,98,135,138,178,189,208,222,277,314,315,342,390,424,519,551,605,612,615,679,680,700,706,736,799,868,947,987
1541|272
1542|168,197
1544|33,56,57,62,65,70,72,73,84,128,129,130,132,139,146,186,187,188,189,211,213,234,252,253,254,255,256,266,277,278,279,296,302,310,311,312,322,358,415,429,430,462,483,507,509,510,549,550,551,552,553,560,644,655,656,706,772,776,777,778,779,783,796,837,841,858,904,906,908,910,911,917,980,981,982,984,985,986
1546|60,61,99,132,164,166,221,251,298,359,464,524,657,665,705,709,719,726,999
1547|297,404,620,795
1548|160,218,219,438,790,890
1549|10,23,48,95,172,178,184,189,228,307,434,618,706,777,900,984
1550|956
1551|391,547
1552|329,445,585,597,913,964
1554|205
1555|58,59,253,415,439,654,868
1556|409,454
1557|11,43,83,138,141,162,168,226,268,330,347,356,382,421,424,473,506,509,515,522,645,702,712,761,824,834,974
1558|32,133,153,349,363,367,370,387,458,511,581,597,637,688,701,746,753,755,822,879,882,951
1559|288,327,403,441,489,519,562,603,617,701,722,793,856
1560|687
1562|930
1563|6,19,207,292,558,605,669,671
1564|498,690,863
1565|103,155,237
1566|25,46,61,199,418,451,480,500,503,504,572,581,582,630,635,753,754,817,879,944,950,951,983
1568|920
1570|112,201,208,266,309,344,346,481,493,534,610,655,657,685,753,771,784,987
1572|63
1573|248
1577|5,12,78,133,171,237,239,271,284,347,371,649,659,691,802,810,817,819,888,916,935,950,990
1580|7,18,25,63,104,131,159,164,186,188,189,208,213,266,277,298,308,343,391,415,425,434,477,504,547,556,584,588,638,654,655,673,706,719,750,756,836,861,862,898,904,909,971,979,984,985,988
1582|7,12,15,21,23,29,34,35,36,37,43,44,45,58,59,60,61,62,74,87,93,101,111,114,119,143,145,149,150,151,168,169,180,191,192,195,196,197,202,204,216,228,235,260,261,272,280,289,299,305,309,316,318,326,335,339,341,355,367,387,401,426,505,532,545,577,628,640,641,642,679,696,698,728,743,746,749,761,765,783,813,827,829,868,886,887,959,963,980
1586|315,649,987
1591|186,188,189,207,208,213,266,277,467,538,646,654,655,698,706,766,836,861,862,904,961,979,984,985
1592|298,316,321,327,374,385,425,450,573,574,872
1593|348,404,561,600,672,921,923
1594|331,365,413,443,461,478,488,524,539,550,578,582,586,591,606,607,629,630,694,758,760,825,864,912,957
1595|203,207,289,842,926
1597|79
1599|6,48,76,78,104,121,142,174,198,246,274,283,394,606,858,927,937,969
1600|523
1604|198,727,802,907,935,968
1605|383,500,539,598,633,637,690,692,693
1606|116,202,247,291,413,448,459,492,523,599,610,742,800,813,827,853,884,911,952,953,992
1607|965
1608|15,92,101,111,242,247,258,282,490,555,620,798,799,808,861,887
1610|363,370,383,386,399,414,451,452,454,455,467,480,503,504,545,553,556,581,582,583,596,633,636,637,647,658,659,692,693,724,737,738,753,754,755,757,759,767,774,788,821,821,855,857,878,879,880,881,890,923,932,944,945,946,950,951,969,970
1614|350,653
1615|326,504,737,790
1617|47,242,247,269,592,898
1618|7,47,74,338,420,502,509,522,558,641,702,966
1619|512,562,598
1621|94,143,288,701,779,819,939
1624|75
1625|58,235
1627|75,93,96,644,762,806
1628|0,24,26,36,78,139,140,154,158,190,209,243,291,377,388,426,428,543,544,709,764,781,899,908,913,961,962
1629|769,989
1630|116,206,289,538,807
1633|16,136,174,359,835
1635|15,18,25,56,74,95,245,330,446,473,482,501,504,536,633,702,703,704,825,833,897,952,974
1636|163,624
1639|245,257,359,423,707
1640|22,46,50,74,132,141,170,172,286,295,303,504,524,536,542,641,684,692,736,792,824,929
1641|91,334,449,466,469,936,945
1642|57,83,186,208,266,309,313,350,372,378,406,433,458,465,486,511,554,598,655,707,714,780
1644|235,269,640,937,968
1646|94,120,229,235,245,836
1647|82,371,470,639,830,966
1648|34,49,175,176,194,381,462,579,629,634,642,889,941
1649|22,94,171,219,220,281,301,341,377,388,709,913
1650|363,406,444,479,541,643,670,695,847,866,896,941
1651|482,788,942
1652|0,8,40,45,175,197,200,282,288,402,436,518,543,548,586,701,778,805,824,834,974,981
1653|227,302,317,570,617,677,711,723,751,794,837,956,983
1655|207,467,675,735,770,832,866,927,948,974,976
1656|242,243,247,592,653,899,961
1657|313,379,395,409,598,660,662,920
1658|46,64,193,402,646
1661|55,117,141,247,345,421,502,510,581,602,625,752,771,783,827,969
1662|418,469,476,760,826,939,951,958
1664|175
1665|584,681,882,948,950
1668|73,186,266,277,309,346,364,385,451,469,493,531,534,554,572,577,607,626,655,742,749,780,785,817,874,878
1673|720,859,938
1678|37,272
1683|562,718,723,828
1687|827
1691|567
1692|769
1694|82,361,639,733,830,956,965,966
1695|12,363,365,368,377,383,386,388,397,399,414,451,452,454,455,467,480,503,504,534,545,556,565,581,582,583,584,633,636,637,659,692,693,709,724,737,753,754,755,757,759,767,777,809,821,846,878,879,880,881,884,904,923,928,932,944,945,946,950,951,970,987
1696|440,997
1698|80,223,257,324,325,361,398,639,807,830,842
1700|31,120,181,208,326,401,419,529,640,702,712
1701|569
1702|545
1703|966
1708|53,87,246,309,316,318,326,335,339,341,355,394,401,498,505,526,545,576,617,801,829,845,924
1715|136,141,157,179,188,189,213,345,365,418,453,471,478,502,510,533,553,576,618,624,643,648,706,716,744,745,746,747,765,771,783,785,814,817,823,825,827,832,852,878,938
1716|303,324,474,854,918
1720|704,705
1721|116
1726|716,865,923
1728|5,26,36,42,54,88,119,121,134,146,148,182,187,192,204,211,231,233,276,293,299,304,306,364,373,375,550,577,616,626,637,683,689,709,740,745,747,779,810,817,844,874,875,913,918,938
1729|272,787
1730|10,12,14,71,164,275,295,301,307,392,505,603,667,719,726,729,777,790,856,921
1731|7,47,93,96,112,227,365,407,436,515,565,607,612,621,641,642,644,648,704,833,914,920
1732|321,342,393,457,482,546,547,970
1733|899
1734|5,14,29,52,54,64,90,91,108,117,122,125,128,148,157,190,193,210,212,247,264,265,267,276,286,305,306,320,344,345,346,393,421,438,462,474,475,476,504,567,593,602,677,708,731,770,784,791,796,801,802,804,814,839,847,860,895,904,906,907,947,990,996
1735|48,61,76,92,97,99,115,116,132,220,225,233,294,344,345,434,444,455,553,567,602,667,714,829,831,877,895,961
1738|333,343,769,808,946
1739|674
1740|21,436,450,546,599,621,676,836,872
1742|434,469,721,735,739,880,927,936,948
1745|986
1746|22,187,275,550,728
1748|32,153,349,363,367,370,387,458,511,581,584,597,637,688,746,755,822,882,964
1749|823,882
1750|134
1755|410,532
1757|354,364,366,367,375,387,388,422,476,477,478,496,497,498,532,533,534,575,576,577,623,624,625,627,628,688,728,743,744,745,746,747,748,749,813,814,815,816,817,819,873,875,876,879,938,939,940
1758|528,543,548,569,704,705
1762|227,296,344,350,358,489,677,771,772,837,983
1764|352,458,513,570,600,925
1766|350
1769|177,195
1771|337,444,526,619,683,693
1772|143,338,452,484,689,754,800
1773|290,403,600,798
1774|29,31,72,109,485,710,774
1775|4,158
1776|6,43,49,73,110,162,265,512,603,698,728,750
1777|760,826,951,958
1778|207,218,223,558,842
1779|432,449,725
1781|21,41,50,68,71,137,170,203,207,220,374,412,436,450,523,584,599,621,673,676,699,742,836,872,895,896,900,920,927,976,984
1783|897
1786|363,402,420,479,488,606,622,695,896,901,951
1789|103,409,454,473,481,527,625,705,752,883,943
1790|334,704
1792|7,45,282,701,807
1793|36,87,257,314,315,316,323,324,325,328,329,330,335,337,338,345,346,348,352,353,354,363,364,364,365,366,367,371,372,373,373,374,375,381,382,383,384,385,386,387,388,389,391,392,397,398,399,400,416,417,418,419,420,421,422,423,424,425,442,443,444,445,446,447,448,449,450,451,452,453,454,455,469,470,471,472,473,474,475,476,477,478,479,480,491,492,493,494,495,496,497,498,499,500,501,502,503,504,520,521,526,527,528,529,530,531,532,533,534,535,536,537,538,539,540,541,542,558,559,564,565,566,567,568,569,570,571,572,573,574,575,576,577,577,578,579,580,581,582,583,584,585,586,611,613,614,616,616,617,618,619,620,621,622,623,624,625,626,626,627,628,629,630,631,632,633,634,635,636,637,637,638,639,670,671,681,682,683,683,684,685,686,687,688,689,689,690,691,692,693,694,695,704,739,740,740,741,742,743,744,745,745,746,747,747,748,749,750,751,752,753,754,755,756,757,758,759,760,801,803,806,808,809,810,810,811,812,813,814,815,816,817,817,818,819,820,821,822,823,824,825,826,857,858,863,869,870,871,872,873,874,874,875,875,876,877,878,879,880,881,882,883,884,885,892,909,936,937,938,938,939,940,941,942,943,944,945,946,947,948,949,950,951,952,953,954,955,956,957,958,973,988
1795|622
1796|15,24,180,205,886
1797|105,110,158,187,201,245,258,338,364,383,407,449,500,507,550,552,633,637,668,693,713,745,776,811,822,850,855,942
1799|340,481,705,766,891
1801|183,331,390,652,755,812,932
1802|155,237,602
1804|102,113,131,190,273,343,430,448,462,487,516,663,719,721,724,726,727,773,785,789,855,934,965,983,998,999
1805|1,2,3,4,5,6,10,12,13,14,20,24,28,29,30,31,32,33,42,51,52,53,54,55,56,57,66,67,68,69,70,71,72,73,80,85,88,89,90,91,107,108,109,110,122,123,124,125,126,127,128,129,134,145,146,147,148,149,166,171,182,183,184,185,186,187,188,189,192,205,208,210,211,212,213,214,231,232,233,234,249,250,251,252,253,254,255,256,263,264,265,266,273,274,275,276,277,278,279,285,286,287,293,294,295,296,300,301,302,305,306,307,310,311,312,319,320,322,331,351,357,358,362,377,429,430,439,463,465,470,483,484,485,507,508,509,510,518,520,530,544,549,550,551,552,553,593,594,595,596,621,655,656,657,658,706,707,708,709,710,711,712,734,737,764,765,770,771,772,773,774,775,776,777,778,779,780,781,782,783,784,795,799,831,836,837,838,839,840,841,842,843,844,845,846,847,857,865,900,901,902,903,904,905,906,907,908,909,910,911,912,913,914,915,916,917,918,937,963,977,978,979,980,981,982,983,984,985,986,987,988,989,990,991,992,993,994,995,996
1811|7,11,18,40,49,74,112,141,330,347,420,522,536,650,696,833,884,897,934,974
1812|85,127,143,144,243,259,284,598,968
1814|24,112,216,258,441,521,606
1816|774,834
1818|1,4,6,10,13,54,70,90,125,126,128,146,148,212,265,306,438,489,505,731,775,812,839,840,908,980,982
1820|198,569,570,618,619,767,820
1827|357
1828|0,8,58,330,500,539,540,543,580,633,779,961
1829|1,10,13,14,20,36,42,90,96,125,126,183,275,276,288,291,294,306,390,419,432,472,476,487,564,569,585,592,617,644,681,684,745,851,853,937,981
1831|3,9,28,36,38,59,67,111,114,152,166,176,194,233,242,246,249,258,262,309,345,532,559,602,619,639,642,689,697,705,715,765,773,782,788,803,867,963,975,998
1833|624
1839|138,433,727,968
1842|28,36,37,56,64,81,93,103,129,139,177,340,453,526,541,572,769,821,881,891,893,963
1843|241,288
1844|6,23,28,192,702,708,963,979,988
1845|687
1847|547,589,891,971
1850|179,386,392,481,583,733,766,926,941
1851|8,150,190,224,270,439,466,489,521,560,578,605,620,628,669,670,699,701,728,730,731,748,782,794,797,798,853,855,861,899,911,916,983,991
1853|37
1854|7,15,21,34,35,36,37,43,44,45,56,57,58,59,60,72,73,74,89,93,101,109,111,114,115,129,135,138,149,150,152,162,169,171,180,191,192,196,197,225,235,244,253,279,280,290,312,354,376,417,426,429,483,507,510,515,549,551,560,613,641,642,655,656,676,677,696,698,728,761,778,827,841,886,910,981
1855|159
1856|335,425,427,436,450,546,573,574,599,621,676,836,872,890,971
1857|520,620,686,887
1864|24,57,115,496,878
1865|272,457
1866|18,788
1868|57,164,198,238,324,328,338,365,375,388,389,398,408,417,428,431,432,440,474,497,498,508,526,573,575,579,598,622,623,627,664,672,673,687,713,714,718,777,808,809,846,854,868,873,874,913,918,942,954,955,965,984,988,997
1869|592,653
1883|166
1888|17,59,78,140,158,269,962
1890|47
1891|180
1895|53,182,652,865
1896|321,368,471,589,773,820
1897|662
1898|87,291,316,326,335,340,341,356,392,401,480,481,505,545,589,644,829,933
1900|3,13,29,31,41,44,55,66,68,88,107,108,122,124,138,145,182,189,210,250,265,279,285,293,305,319,377,523,556,617,662,706,795,839,847,901,909,951,990
1902|13,55,134,165,181,182,249,284,301,321,344,368,376,402,428,444,457,489,646,766,796,817,941,981
1905|805,815
1906|272,652
1907|134,171,221,270
1911|22,47,95,96,103,174,220,762
1916|184,302,305,344,489,520,796
1917|38,110,127,324,331,336,358,458,461,511,524,533,608,615,651,664,669,677,679,680,752,772,783,860,888
1918|76,686
1921|76,136,317,381,452,502,649,703,766,830,835
1924|427,671,748
1925|740
1929|90,185,204,231,559,611
1932|110,273,386,583,609,887
1934|15,16,18,23,47,48,74,75,94,95,96,97,116,134,155,173,240,273,281,330,365,368,377,386,388,452,527,528,534,536,537,553,559,584,618,619,685,702,709,726,757,762,777,800,809,833,846,865,884,897,904,924,928,940,946,956,974,996
1935|281,858
1938|204,438,574,580,610,621,631,633,709,738,802,941,953,995
1939|86,132,169,261,284,379,406,431,486,533,576,679,681,715,850,870,880,908,912,931
1940|203,209,219,244,604
1941|121,138,375,387,411,486,493,558,915
1942|104,142,246,274,858
1944|471,497,575,815,869,871
1946|60,434,905,993
1948|212,285,295
1950|161,817
1951|323,354,366,393,422,479,537,748,876,884,948,952,953,954
1954|92,344
1955|30,32,75,92,96,110,180,188,189,191,213,225,239,267,269,292,309,314,317,328,340,353,371,397,410,434,443,453,486,499,500,537,538,539,540,541,553,565,570,580,600,607,608,609,622,630,631,632,633,637,682,706,750,751,760,762,818,922,928,930,942,943,957
1957|45,247,282,467,701,740
1960|46,60,132,248,792,942
1962|224
1966|87,93,317,421,439,492,616,632,644,832,875,905,966
1970|698
1972|9,19,23,46,48,49,76,93,121,136,154,172,194,209,237,243,259,270,283,284,391
1973|87,93,113,121,162,171,179,271,284,328,342,368,392,410,411,443,453,481,499,500,537,538,539,540,541,570,580,622,630,631,632,633,637,682,694,721,750,751,760,765,766,812,825,942,952,969
1975|41,66,75,120,160,164,189,195,208,212,216,218,230,277,280,285,295,299,466,542,551,622,706,765,799,819,876
1979|819,939,989
1980|352,539,550,591,607
1981|974
1982|967
1986|97,158,224
1990|906
1992|782,975
1993|55,386
1994|721
1996|142,143,165,245,248,272,321,342,343,348,365,385,393,398,405,409,482,514,547,573,591,646,660,661,715,726,742,765,766,786,851,855,856,890,954,976,998
1999|591
2000|29
2001|298,316,321,327,368,374,385,425,573,589,801
2003|327,403,441,489,519,562,603,617,722,856
2004|981
2005|50,170,178,578,922
2006|420
2007|314,421,566,598,729,743,751,811,942
2009|796
2010|572
2011|63,104,191,203,235,292,640
2012|11,76,136,174,435,497,982,996
2015|248,276,466,468,665,670,726,843,856,859,921
2018|212,427,456,744
2021|25,292
2023|656,850,942
2024|3,5,7,30,34,39,42,50,52,69,88,113,123,124,131,145,158,161,176,194,206,231,264,293,305,325,351,369,373,404,412,460,463,468,513,552,570,597,601,642,663,666,699,711,722,723,724,727,728,734,764,772,773,789,791,792,813,833,836,843,855,864,902,905,960,977,979
2025|604,756
2029|358
2030|40,80,86,147,160,178,206,218,241,251,253,261,266,278,286,306,354,359,368,391,412,428,438,471,478,519,551,569,576,579,617,649,657,745,747,775,790,816,820,878,882,937,938,982,984
2038|99,123,132,164,243,361,461,465,480,592,600,604,637,652,653,667,899,922,933,977
2044|488,492,610,738,767,802,935
2046|406,855