200|0|1|焦虑发作快速平复
201|0|1|心跳加速焦虑缓解
202|0|1|咀嚼口香糖缓解焦虑
203|0|1|兴趣培养充实生活
204|0|1|户外徒步亲近自然
205|0|1|志愿服务获得意义感
206|0|1|睡前放下手机阅读
207|0|1|数字排毒周末实践
208|0|1|每周运动频率安排
209|0|1|自我关怀日常练习
210|0|4|小腿拉伸的正确方法
211|0|4|弓步走热身的作用
212|0|4|划船机的正确姿势
213|0|4|上下肢分化训练安排
214|0|4|深蹲主要练什么肌肉
215|0|1|休假放松身心恢复
216|0|1|香薰缓解焦虑情绪
217|0|1|晒太阳改善低落情绪
218|0|1|手机断连周末放松
219|0|1|比较心理让人疲惫
220|0|1|停止与人攀比心态
221|0|1|拖延自责恶性循环
222|0|1|降低期待减少失望
223|0|1|精神内耗自救指南
224|0|1|内心戏太多怎么办
225|0|1|焦虑时转移注意力
226|0|1|焦虑日记记录练习
227|0|1|感恩练习提升幸福感
228|0|1|烘焙烹饪放松心情
229|0|1|朋友聚会增进感情
230|0|1|早起早睡心情舒畅
231|0|4|登山前的热身准备
232|0|4|侧平板支撑的动作
233|0|4|跑步时呼吸的方法
234|0|4|练腿的动作有哪些
235|0|1|向亲友倾诉疏导压力
236|0|1|工作与生活平衡术
237|0|1|接纳不完美的自己
238|0|1|纠结小事浪费时间
239|0|1|不必事事追求满分
240|0|1|适度摆烂放松心态
241|0|1|手心出汗紧张缓解
242|0|1|焦虑时说话放慢节奏
243|0|1|自我对话鼓励自己
244|0|1|培养新爱好转移注意
245|0|1|参加社团扩大社交
246|0|1|规律三餐稳定血糖
247|0|1|积极语言替代消极
248|0|1|断舍离清理心理空间
249|0|4|髋关节热身动作有哪些
250|0|4|腿部动态拉伸动作
251|0|4|手腕热身活动的方法
252|0|4|臀部肌肉激活的方法
253|0|4|徒手力量训练动作
254|0|4|哑铃训练入门动作
255|0|4|杠铃训练的基础动作
256|0|4|臀部训练动作有哪些
257|0|3|防晒值代表防晒时长
258|0|1|职场加班疲劳调节
259|0|1|晨间积极自我暗示
260|0|1|画画涂鸦释放情绪
261|0|1|手工制作静心练习
262|0|1|早晨阳光唤醒身体
263|0|2|AED除颤仪使用方法
264|0|4|夏天运动前要热身吗
265|0|4|引体向上正确姿势
266|0|4|新手健身训练频率
267|0|1|冥想入门五分钟练习
268|0|1|情绪日记书写方法
269|0|1|倾诉缓解心理负担
270|0|1|拖延后的自我接纳
271|0|1|小目标达成积累信心
272|0|1|养宠物缓解孤独感
273|0|1|主动帮助他人快乐
274|0|4|核心激活热身动作
275|0|4|卷腹的标准动作要领
276|0|4|椭圆机的正确使用
277|0|4|全身训练计划安排
278|0|4|练手臂的动作有哪些
279|0|4|硬拉主要练哪些部位
280|0|1|短假出游舒缓压力
281|0|1|减少与他人横向比较
282|0|1|汇报发言紧张克服
283|0|1|定期给自己放个假
284|0|1|自我奖励机制建立
285|0|4|坐姿划船动作要领
286|0|4|引体向上练什么部位
287|0|0|游泳也要注意补水
288|0|1|演讲紧张缓解技巧
289|0|1|读书充实内心世界
290|0|1|午间小憩恢复精力
291|0|2|人工呼吸操作方法
292|0|2|公共场所AED位置
293|0|4|跑前动态拉伸的动作
294|0|4|游泳自由泳换气技巧
295|0|4|仰卧划船动作要领
296|0|4|组间休息多长时间
297|0|0|早餐营养搭配要点
298|0|0|宝宝睡眠安全环境
299|0|1|慢跑舒缓紧绷神经
300|0|4|开合跳热身的效果
301|0|4|波比跳的标准动作
302|0|4|站姿提踵的标准动作
303|0|1|微笑练习改善心情
304|0|1|晨跑开启一天好心情
305|0|4|股四头肌拉伸方法
306|0|4|跑步摆臂的正确姿势
307|0|4|卧推主要练什么部位
308|0|0|隔夜白开水能喝吗
309|0|2|胸外按压频率要求
310|0|4|练背的动作有哪些
311|0|4|练肩的动作有哪些
312|0|4|核心训练动作有哪些
313|0|0|每天吃够蔬菜水果
314|0|3|黑眼圈分类型护理
315|0|3|全身防晒的用量计算
316|0|2|婴儿心肺复苏要点
317|0|2|AED心律分析过程
318|0|2|除颤后按压恢复要点
319|0|4|拉伸时的呼吸方法
320|0|4|深蹲跳的正确动作
321|0|2|婴儿海姆立克拍背法
322|0|4|练胸的动作有哪些
323|0|3|敏感肌自测与护理
324|0|3|防晒霜指数越高越好吗
325|0|3|带防晒指数的妆前乳
326|0|2|只按压式心肺复苏
327|0|0|宝宝喝水的月龄讲究
328|0|3|氨基酸洁面更温和
329|0|3|出行时段注意紫外线
330|0|2|心搏骤停识别方法
331|0|4|高抬腿热身的作用
332|0|0|睡眠时长个体差异
333|0|0|服药之后的饮水注意
334|0|0|幽门螺杆菌要重视
335|0|2|儿童心肺复苏要点
336|0|0|少喝浓汤和老火汤
337|0|3|美白精华白天用要防晒
338|0|3|防晒霜PA加号的含义
339|0|2|胸外按压操作位置
340|0|2|心肺复苏黄金四分钟
341|0|2|心肺复苏按压配合吹气
342|0|2|成人气道异物急救
343|0|0|失眠药物不能乱吃
344|0|0|使用升降桌的正确频率
345|0|3|肤质随季节变化调整
346|0|3|洗脸早晚各洗一次
347|0|2|气道完全梗阻表现
348|0|0|食物温度不宜过烫
349|0|0|长期熬夜危害很大
350|0|0|每天饮水一千五百毫升
351|0|0|运动前后怎么喝水
352|0|0|二十二十二十护眼法则
353|0|3|身体防晒和身体乳分开
354|0|3|防水眼妆不要硬搓
355|0|2|胸外按压深度标准
356|0|2|旁观者心肺复苏要点
357|0|4|练后延迟性酸痛是什么
358|0|4|高强度间歇训练入门
359|0|0|睡眠监测手环参考
360|0|0|咖啡因代谢个体差异
361|0|0|睡眠呼吸暂停就医指征
362|0|0|运动饮料适合哪些人
363|0|3|过度清洁的危害大
364|0|3|卸妆后还需要洁面
365|0|3|物理防晒化学防晒区别
366|0|3|干敏皮卸妆要温和
367|0|3|带妆过夜的皮肤危害
368|0|2|成人婴儿海姆立克区别
369|0|0|饭前喝汤还是饭后
370|0|0|久坐伤腰不可大意
371|0|3|洗完脸及时涂保湿
372|0|3|身体乳每天洗澡后涂
373|0|3|防晒霜在护肤最后一步
374|0|3|婴幼儿的硬防晒方法
375|0|3|卸妆洁面一步到位产品
376|0|2|腹部冲击用力要点
377|0|4|动态热身和静态拉伸区别
378|0|0|每天一个鸡蛋有营养
379|0|0|腌制食品尽量少吃
380|0|0|出汗之后如何补水
381|0|3|肤质判断先测出油
382|0|3|干性皮肤表现与护理
383|0|3|防晒数值不是叠加的
384|0|3|雨天防晒不能省略
385|0|3|婴儿物理遮挡为主
386|0|3|晒后不要马上美白
387|0|3|眼妆卸不净的后果
388|0|3|卸妆膏和卸妆油二选一
389|0|3|临期护肤品能用吗
390|0|2|开放气道操作技巧
391|0|2|施救者自我保护措施
392|0|2|复苏成功后体位处理
393|0|2|鱼刺卡喉正确处理
394|0|0|三餐定时规律进食
395|0|0|进食顺序先菜后饭
396|0|0|多喝水预防尿路结石
397|0|3|混合肤质分区护理
398|0|3|防晒衣要看防晒指数
399|0|3|室内灯光需要防晒吗