800|0|0|老人喝水别等口渴
801|0|0|眼保健操的正确做法
802|0|0|掌握正确的刷牙方法
803|0|0|膝关节的保养要点
804|0|0|泡脚的正确做法要点
805|0|0|智齿问题要早处理
806|0|0|防晒是全年必修课
807|0|0|体检报告要看得懂
808|0|0|上班族护眼用人工泪液
809|0|3|面霜乳液如何选择
810|0|3|面膜后要涂保湿霜
811|0|3|唇部防晒也要做好
812|0|3|颈纹预防胜于补救
813|0|3|口红怎么才能卸干净
814|0|3|卸妆油的正确用法
815|0|3|卸妆乳清爽不拔干
816|0|3|面部卸妆避开眼周
817|0|3|卸妆完立刻去洁面
818|0|3|清洁过度会越洗越油
819|0|3|舞台妆卸完要舒缓
820|0|3|减少搓泥的涂抹方式
821|0|3|七天淡斑不可相信
822|0|3|激素护肤品的危害
823|0|3|痘印痘坑的护理重点
824|0|3|过度水合的皮肤表现
825|0|3|黑头的形成原理介绍
826|0|3|黑头和毛孔粗大的关系
827|0|1|压力与食欲的变化关系
828|0|1|焦虑与咖啡因的关系
829|0|2|心肺复苏终止条件
830|0|2|烫伤就医指征判断
831|0|2|动脉出血止血方法
832|0|2|煤气中毒急救流程
833|0|2|心梗症状识别方法
834|0|2|癫痫发作现场处理
835|0|2|伤情快速评估顺序
836|0|4|儿童运动前的热身安排
837|0|4|热身与柔韧性关系
838|0|4|热身出汗量多少合适
839|0|4|硬拉的正确动作姿势
840|0|4|游泳自由泳姿势要点
841|0|4|女性力量训练的好处
842|0|4|椭圆机锻炼实用指南
843|0|4|有氧运动前吃饭吗
844|0|4|有氧运动后肌肉酸痛
845|0|4|运动按摩的恢复作用
846|0|4|冷敷与热敷怎么选
847|0|4|拉伸时疼痛正常吗
848|0|0|果汁不能代替水果
849|0|0|烹饪方式蒸煮优先
850|0|0|少吃精加工食品好
851|0|0|天然甜味替代白糖
852|0|0|老人饮食软烂好消化
853|0|0|吃太咸口重怎么办
854|0|0|床垫选择软硬适中
855|0|0|睡前饥饿可喝温奶
856|0|0|卧室放绿植的讲究
857|0|0|护颈动作随时可做
858|0|0|核心肌群锻炼护脊柱
859|0|0|晨起喝的第一杯水
860|0|0|夏天多喝水防中暑
861|0|0|办公室的喝水安排
862|0|0|出门旅行喝水安排
863|0|0|喝水能改善皮肤吗
864|0|0|睡前喝水会水肿吗
865|0|0|大量出汗后别猛喝水
866|0|0|足部保暖有益全身
867|0|0|晨起后养生的节奏
868|0|0|日常血压测量注意
869|0|3|油皮用乳霜要轻薄
870|0|3|眼霜的用量要适中
871|0|3|颈部保湿用清爽产品
872|0|3|儿童晒伤的处理方法
873|0|3|卸妆膏的适用人群
874|0|3|二次清洁产品选择
875|0|3|浓妆先卸眼唇再卸脸
876|0|3|卸妆后皮肤泛红处理
877|0|3|防晒开封一年内用
878|0|3|化妆棉二次清洁过度
879|0|3|卸妆摩擦是隐形去角质
880|0|3|自制面膜的卫生问题
881|0|3|速效美白产品风险
882|0|3|手挤痘痘的危害大
883|0|3|面膜的保质期和储存
884|0|3|闭口和痘痘的区别
885|0|3|干燥引起的缺水细纹
886|0|1|经济压力调适思路
887|0|1|通勤路上的减压方法
888|0|1|完美主义如何松绑
889|0|1|面试紧张的缓解方法
890|0|2|儿童防小物件误吸
891|0|2|噎住抢救黄金时间
892|0|2|烫伤水疱处理要点
893|0|2|大面积烧伤休克预防
894|0|2|轻症中暑处理方法
895|0|2|鼻出血正确的止血法
896|0|2|颈椎损伤怀疑处理
897|0|2|脑卒中快速识别方法
898|0|2|溺水救援注意事项
899|0|2|120占线时的应对
900|0|4|全身热身动作推荐
901|0|4|热身与运动损伤预防
902|0|4|清晨起床后运动前热身
903|0|4|运动后需要冷身吗
904|0|4|热身组与正式组的区别
905|0|4|健身房热身的标准流程
906|0|4|膝内扣的纠正方法
907|0|4|引体向上的正确做法
908|0|4|动作速度对姿势的影响
909|0|4|硬拉时如何保护腰部
910|0|4|老年人力量训练注意
911|0|4|训练中口渴怎么办
912|0|4|燃脂的原理是什么
913|0|4|晨跑和夜跑怎么选
914|0|4|学游泳多久能学会
915|0|4|快走多久能看到减肥效果
916|0|4|运动后全身酸痛怎么办
917|0|4|主动恢复训练是什么
918|0|4|跑步鞋怎么挑选合适
919|0|0|喝粥养胃要看人群
920|0|0|外出就餐学会点菜
921|0|0|卧室温度适宜入睡
922|0|0|同床伴侣影响睡眠
923|0|0|周末不宜猛睡懒觉
924|0|0|腰疼时别盲目按摩
925|0|0|久坐族注意肩周炎
926|0|0|蜂蜜水的真实作用
927|0|0|水杯要定期清洗消毒
928|0|0|喝汤和喝水要分清
929|0|0|哺乳期妈妈多喝水
930|0|0|饮酒之后要多喝水
931|0|0|心衰患者限制饮水
932|0|0|柠檬水和喝醋的误区
933|0|0|苏打水适合哪些人
934|0|0|远眺帮助放松睫状肌
935|0|0|牙线的使用方法要掌握
936|0|0|脚部护理预防真菌
937|0|3|洗脸手法一定要轻柔
938|0|3|卸妆油干手干脸使用
939|0|3|舞台妆假睫毛的卸除
940|0|3|浓妆卸妆时间别太短
941|0|3|功效型产品先做测试
942|0|3|香精色素的取舍之道
943|0|3|分装护肤品的风险
944|0|3|脸部过度去油不好
945|0|3|生蛋白面膜的风险
946|0|3|药膏别当护肤品用
947|0|3|痘痘的正确处理方法
948|0|3|挤痘工具的消毒要点
949|0|3|姨妈痘的护理方法
950|0|3|黑头为什么挤不完
951|0|3|撕拉鼻贴的皮肤伤害
952|0|3|闭口是怎么形成的
953|0|3|闭口的温和疏通方法
954|0|3|敏感肌的防晒选择
955|0|3|敏感肌的保湿重点
956|0|3|玫瑰痤疮别当普通泛红
957|0|3|皮肤出油的真相了解
958|0|3|毛孔粗大能缩小吗
959|0|1|深呼吸快速减压法
960|0|1|渐进式肌肉放松法
961|0|1|停止脑补对话的方法
962|0|1|健康焦虑的应对方法
963|0|1|情绪与运动结合调节
964|0|1|中年情绪调适方法
965|0|1|心理咨询怎么选择
966|0|1|心理门诊就诊流程
967|0|1|创伤后的心理恢复
968|0|1|过度倾诉的边界把握
969|0|1|成长型思维的培养
970|0|2|噎住时常见错误做法
971|0|2|儿童坚果进食安全
972|0|2|沸水烫伤急救处理
973|0|2|热射病后遗症康复
974|0|2|失温早期症状识别
975|0|2|扭伤急性期处理方法
976|0|2|食物中毒应急处理
977|0|4|球类运动热身重点
978|0|4|中老年人热身要点
979|0|4|骑行运动前的热身安排
980|0|4|绳索下压动作姿势
981|0|4|深蹲时髋部发力技巧
982|0|4|自重训练的优势特点
983|0|4|引体向上练不上去怎么办
984|0|4|手臂训练的常见动作
985|0|4|训练动作的顺序安排
986|0|4|训练后冷却活动怎么做
987|0|4|心率区间怎么计算
988|0|4|骑行护具怎么选择
989|0|4|跳舞健身的诸多好处
990|0|4|练后拉伸的正确做法
991|0|4|运动后膝盖疼的处理
992|0|4|运动后胸口疼要注意什么
993|0|4|健身房的基本礼仪须知
994|0|4|运动内衣的重要性
995|0|4|户外运动防晒要注意
996|0|4|运动时出汗特别多正常吗
997|0|0|面包糕点看配料表
998|0|0|白天多晒太阳助眠
999|0|0|声音环境用白噪音