600|0|0|午睡二十分钟为宜
601|0|0|晚餐过饱影响睡眠
602|0|0|换季时睡眠易变差
603|0|0|孕期睡眠也有讲究
604|0|0|打麻将也要防久坐
605|0|0|办公桌布置影响健康
606|0|0|背痛不一定是腰肌劳损
607|0|0|少量多次喝水原则
608|0|0|吃太咸后要多喝水
609|0|0|咖啡补水效果有限
610|0|0|早晚刷牙饭后漱口
611|0|0|爬山爬楼注意护膝
612|0|0|体重管理的科学方法
613|0|0|耳朵的日常保护要点
614|0|0|皮肤保湿的日常方法
615|0|0|高血脂人群饮食要点
616|0|3|保湿护肤黄金三步
617|0|3|涂护肤品讲究手法
618|0|3|面霜搓不开别硬搓
619|0|3|精华的用量别节省
620|0|3|通勤族的补涂建议
621|0|3|学校户外活动的防晒
622|0|3|晒后修复产品的选择
623|0|3|眼唇卸妆用专用产品
624|0|3|卸妆后检查是否干净
625|0|3|卸妆油开封后的保存
626|0|3|二次清洁后的护肤时机
627|0|3|浓妆卸妆要用卸妆油
628|0|3|卸妆不净长痘怎么办
629|0|3|新护肤品先测过敏
630|0|3|玻尿酸的保湿原理
631|0|3|水杨酸的祛痘作用
632|0|3|防晒和美白成分搭配
633|0|3|成分冲突的常见误区
634|0|3|护肤品小样先用习惯
635|0|3|去角质之后要防晒
636|0|3|食材直接敷脸的误区
637|0|3|护肤品叠加过多的危害
638|0|3|速效面膜要查备案
639|0|3|严重痘痘要及时就医
640|0|1|找人倾诉的解压方法
641|0|1|压力大的身体信号
642|0|1|备考压力的调节方法
643|0|1|情绪与身体感受的关系
644|0|2|心肺复苏培训意义
645|0|2|有人晕倒现场处置
646|0|2|异物排出后观察要点
647|0|2|醉酒进食误吸处理
648|0|2|化学灼伤应急处理
649|0|2|烫伤面积判断方法
650|0|2|中暑先兆处理方法
651|0|2|热射病紧急急救处理
652|0|2|狂犬疫苗接种要点
653|0|2|拨打120急救电话要点
654|0|2|家庭防意外安全检查
655|0|4|力量训练频率安排
656|0|4|力量训练需要喝蛋白粉吗
657|0|4|运动手环监测有氧
658|0|4|运动后多久可以吃东西
659|0|0|主食不能完全不吃
660|0|0|常吃海带紫菜补碘
661|0|0|素食者注意补营养
662|0|0|沙拉也要注意酱料
663|0|0|睡前泡脚帮助睡眠
664|0|0|枕头的高度要合适
665|0|0|夏天开空调怎么睡
666|0|0|睡前不要大量喝水
667|0|0|打鼾人群注意睡姿
668|0|0|久坐增加代谢风险
669|0|0|电脑屏幕高度调整
670|0|0|办公室空调护好颈肩
671|0|0|电脑族的护眼设置
672|0|0|喝水的最佳温度选择
673|0|0|喝水的杯子材质选择
674|0|0|喝水防感冒有根据吗
675|0|0|喝水也要结合自身体质
676|0|0|儿童近视要早防控
677|0|0|免疫力提升的正确方式
678|0|0|维生素D晒太阳补
679|0|0|高血压人群的日常管理
680|0|0|高血糖人群生活管理
681|0|3|洁面产品用量要少
682|0|3|干皮选面霜看成分
683|0|3|精华液的使用时机
684|0|3|面膜敷太久反吸水
685|0|3|清洁面膜别频繁用
686|0|3|带妆补防晒的妙招
687|0|3|防晒帽的选择标准
688|0|3|卸妆巾不能替代卸妆
689|0|3|护肤步骤间隔时间
690|0|3|啫喱质地叠涂容易搓泥
691|0|3|开封后六个月内用完
692|0|3|珍珠粉敷脸不美白
693|0|3|面膜加精华过度营养
694|0|3|脸上长痘的常见原因
695|0|3|皮肤屏障受损的修复
696|0|1|压力与身体疼痛关联
697|0|1|假期综合征调整方法
698|0|1|压力来源清单整理法
699|0|1|内耗型睡前复盘怎么办
700|0|1|降低期待的练习方法
701|0|1|汇报演讲焦虑怎么办
702|0|1|抑郁信号的识别方法
703|0|2|心跳呼吸判断方法
704|0|2|心搏骤停预防常识
705|0|2|心源性猝死急救链
706|0|4|推拉腿分化训练安排
707|0|4|蛋白质摄入量参考
708|0|4|骑行锻炼的正确方式
709|0|4|户外跑与跑步机区别
710|0|4|泡沫轴放松入门方法
711|0|4|运动前喝咖啡好吗
712|0|4|运动多久能看出效果
713|0|0|零食选择健康优先
714|0|0|每天一种水果换着吃
715|0|0|烧烤烟熏食物要节制
716|0|0|吃饭时不要猛灌水
717|0|0|火锅这样吃更健康
718|0|0|咖啡和茶适量饮用
719|0|0|卧室安静减少噪音
720|0|0|熬夜之后如何补救
721|0|0|睡眠卫生习惯养成
722|0|0|睡前喝水也有讲究
723|0|0|睡前避免喝咖啡茶
724|0|0|睡前饮酒不能助眠
725|0|0|睡眠不足补觉策略
726|0|0|卧室别放太多杂物
727|0|0|睡前洗澡时间把握
728|0|0|睡前整理思绪清单
729|0|0|灯光颜色影响睡眠
730|0|0|久坐伤颈椎的后果
731|0|0|正确坐姿的标准姿势
732|0|0|久坐之后腰部热敷
733|0|0|肾功能不全者喝水听医嘱
734|0|0|晨练之前先喝杯水
735|0|0|饮水机卫生要注意
736|0|0|胃酸反流的生活调整
737|0|0|补钙不只靠骨头汤
738|0|0|牙龈出血不可忽视
739|0|0|女性私处日常护理
740|0|3|护肤顺序先稀后稠
741|0|3|眼霜什么时候开始用
742|0|3|物理遮挡代替补涂
743|0|3|染唇液更难卸干净
744|0|3|卸妆水卸妆棉片摩擦
745|0|3|乳化时要加少量水
746|0|3|乳化不彻底的危害
747|0|3|卸妆膏的乳化步骤
748|0|3|卸妆油糊眼睛怎么办
749|0|3|卸妆湿巾后的二次清洁
750|0|3|孕期护肤要更谨慎
751|0|3|烟酰胺的美白作用
752|0|3|护肤品的储存温度
753|0|3|频繁去角质烂脸风险
754|0|3|去角质不等于美白
755|0|3|柠檬敷脸的皮肤危害
756|0|3|三无护肤品的风险
757|0|3|敷面膜代替护肤的误区
758|0|3|皮肤干燥起皮的原因
759|0|3|出油多更要重视保湿
760|0|3|毛孔粗大的原因分析
761|0|1|写日记梳理压力的好处
762|0|1|课题分离练习方法
763|0|1|社交焦虑的渐进暴露
764|0|1|生理期情绪波动应对
765|0|1|戒断式情绪调节方法
766|0|2|海姆立克成功判断
767|0|2|烫伤涂抹牙膏误区
768|0|2|烫伤冷敷操作要点
769|0|2|心梗阿司匹林使用
770|0|4|冬季运动热身要点
771|0|4|热身时心率的变化规律
772|0|4|间歇训练前的热身准备
773|0|4|运动前听音乐有助于热身
774|0|4|热身可以预防抽筋吗
775|0|4|深蹲的标准动作姿势
776|0|4|训练后吃什么恢复
777|0|4|上斜卧推与平板卧推区别
778|0|4|力量训练呼吸方法
779|0|4|训练平台期如何突破
780|0|4|有氧运动时长多少合适
781|0|4|睡眠对恢复的重要性
782|0|4|运动后脚踝扭伤处理
783|0|4|运动后的血压变化规律
784|0|4|运动后心跳快正常吗
785|0|0|细嚼慢咽有助消化
786|0|0|生冷食物要适量吃
787|0|0|荤素搭配营养全面
788|0|0|极端节食减肥不可取
789|0|0|睡前一小时放松身心
790|0|0|床上只做睡觉的事
791|0|0|冬天睡前保暖防感冒
792|0|0|睡前思绪停不下来
793|0|0|早晨起床要讲方法
794|0|0|久坐族的喝水提醒
795|0|0|开会的间隙动一动
796|0|0|靠墙站立矫正体态
797|0|0|久坐族肩部放松操
798|0|0|久坐族午餐注意清淡
799|0|0|下班后的运动计划