0|0|1|惊恐发作应对方法
1|0|4|深蹲的标准姿势要领
2|0|4|深蹲膝盖能不能过脚尖
3|0|4|运动前动态热身做法
4|0|4|靠墙静蹲的标准姿势
5|0|4|跑步落地的正确方式
6|0|4|骑行姿势的调整方法
7|0|1|压力过大身体报警
8|0|1|焦虑突然来袭怎么办
9|0|1|疑病症的自我调节
10|0|4|卧推的标准动作要领
11|0|1|焦虑症的常见表现
12|0|4|俯卧撑的标准动作
13|0|4|硬拉的标准姿势要领
14|0|4|仰卧起坐正确做法
15|0|1|识别职场压力源头
16|0|1|别人的评价别太在意
17|0|1|健康焦虑过度担心
18|0|1|广泛性焦虑症状识别
19|0|1|积极心理自我建设
20|0|4|跳跃落地缓冲技巧
21|0|1|亲子关系压力缓解
22|0|1|拒绝内卷适度躺平
23|0|1|讨好别人委屈自己
24|0|1|情绪劳动过载应对
25|0|1|人群密集场所恐惧
26|0|1|暴露疗法循序渐进
27|0|1|焦虑与身体紧绷感
28|0|1|运动调节情绪低落
29|0|4|静态拉伸的正确时机
30|0|4|运动前热身多长时间
31|0|4|静态拉伸保持多久合适
32|0|4|热身不充分的危害
33|0|4|肌肉酸痛还能练吗
34|0|1|考试压力缓解方法
35|0|1|压力性失眠改善法
36|0|1|压力管理的四步骤
37|0|1|心理韧性的锻炼法
38|0|1|高敏感人群情绪调节
39|0|1|睡前焦虑难以入睡
40|0|1|焦虑时的躯体症状
41|0|1|胃部不适焦虑相关
42|0|4|跑步时身体前倾角度
43|0|1|压力源清单记录法
44|0|1|瑜伽拉伸放松身心
45|0|1|工作汇报紧张缓解
46|0|1|反刍思维自我觉察
47|0|1|学会拒绝他人请求
48|0|1|停止过度自我检讨
49|0|1|情绪内耗自查清单
50|0|1|睡前反复想事困扰
51|0|4|腰背部热身的动作
52|0|4|冬天运动前如何热身
53|0|4|髂胫束放松的方法
54|0|4|正确的跑步姿势要领
55|0|4|罗马尼亚硬拉要领
56|0|4|力量训练入门基础知识
57|0|4|大重量小重量的选择
58|0|1|家庭矛盾压力疏导
59|0|1|家庭责任过重调节
60|0|1|环境整理减轻压力
61|0|1|旅行换环境解压法
62|0|1|渐进放松减压练习
63|0|1|找回内心的平静感
64|0|1|正念练习缓解焦虑
65|0|1|渐进式肌肉放松法
66|0|1|焦虑时拉伸放松身体
67|0|4|肩部热身激活的动作
68|0|4|肩颈拉伸放松的方法
69|0|4|晨练前热身注意事项
70|0|4|平板支撑的标准姿势
71|0|4|小燕飞的标准动作
72|0|4|弹力带训练的方法
73|0|4|一次力量训练多长时间
74|0|1|身体信号识别压力
75|0|1|分清他人课题责任
76|0|1|停止精神自我攻击
77|0|1|社交恐惧症缓解法
78|0|1|不确定性焦虑应对
79|0|1|54321感官接地法
80|0|1|紧张时搓手咬指甲
81|0|1|焦虑康复日常习惯
82|0|1|严重焦虑及时就医
83|0|1|每日记录三件好事
84|0|1|乐观思维训练方法
85|0|1|运动后多巴胺效应
86|0|1|手机使用时长控制
87|0|2|成人心肺复苏流程
88|0|4|跑步前热身的方法
89|0|4|肩袖肌群激活热身
90|0|4|爬楼梯的正确姿势
91|0|4|双杠臂屈伸正确做法
92|0|1|下班后心理脱离法
93|0|1|压力管理课程自学
94|0|1|朋友圈比较焦虑感
95|0|1|讨好型人格识别法
96|0|1|课题分离心理技巧
97|0|1|停止脑补各种剧情
98|0|1|结果期待合理管理
99|0|1|心理内耗循环打断
100|0|1|社交焦虑脸红心跳
101|0|1|职场焦虑上班紧张
102|0|1|4-7-8呼吸法助眠
103|0|1|焦虑情绪的接纳法
104|0|1|焦虑时找锚点稳定
105|0|1|焦虑情绪与咖啡因
106|0|1|减少焦虑信息轰炸
107|0|4|胸部拉伸放松方法
108|0|4|背部拉伸的正确方法
109|0|4|弹力带热身的使用
110|0|4|保加利亚蹲动作要领
111|0|1|工作压力大怎么调
112|0|1|备考复习劳逸结合
113|0|1|睡前放松仪式养成
114|0|1|年度压力复盘调整
115|0|1|停止内耗恢复精力
116|0|1|停止过度揣测人心
117|0|1|焦虑认知重构方法
118|0|1|晨起焦虑低落缓解
119|0|1|散步赶走焦虑情绪
120|0|1|社交支持舒缓情绪
121|0|1|回顾进步肯定自己
122|0|4|腹股沟拉伸正确做法
123|0|4|球类运动前的热身
124|0|4|游泳前热身的方法
125|0|4|跳绳的正确姿势要领
126|0|4|蛙泳的标准动作要领
127|0|4|高脚杯深蹲的动作
128|0|4|壶铃摆动的正确姿势
129|0|4|力量训练的好处有哪些
130|0|1|腹式呼吸缓解紧张
131|0|1|睡前冥想助眠练习
132|0|1|停止过度反刍训练
133|0|1|完美主义害人不浅
134|0|1|告别拖延小步行动
135|0|1|心理能量管理方法
136|0|1|自我批判适度转化
137|0|1|胡思乱想停不下来
138|0|1|把注意力拉回当下
139|0|1|系统脱敏练习方法
140|0|1|过度担忧未来应对
141|0|1|焦虑躯体化现象解释
142|0|1|规律作息稳定情绪
143|0|1|种花绿植治愈心情
144|0|1|写鼓励信给未来的自己
145|0|4|大腿后侧拉伸怎么做
146|0|4|弓步蹲的标准姿势
147|0|4|哑铃弯举标准动作
148|0|4|快走的正确姿势要领
149|0|1|运动减压改善心情
150|0|1|压力大睡不着怎么办
151|0|1|泡热水澡放松身体
152|0|1|减少无谓精神消耗
153|0|1|情绪内耗身体影响
154|0|1|自我同情心理练习
155|0|1|允许自己犯错休息
156|0|1|社交场合不自在感
157|0|1|灾难化思维纠正法
158|0|1|深夜焦虑来袭应对
159|0|1|焦虑时喝温水缓解
160|0|1|戒断手机回归生活
161|0|1|睡前回顾感恩瞬间
162|0|1|记录成就清单增强自信
163|0|1|保证充足睡眠时间
164|0|1|打造舒适睡眠环境
165|0|2|海姆立克急救法操作
166|0|4|踝关节热身活动方法
167|0|1|深呼吸放松法入门
168|0|1|写日记宣泄负面情绪
169|0|1|压力饮食暴食控制
170|0|1|反复回想烦恼困扰
171|0|1|完成比完美更重要
172|0|1|过度反思自我消耗
173|0|1|别想太多活在当下
174|0|1|被否定后的心态调整
175|0|1|考试焦虑影响发挥
176|0|1|面试前的焦虑调节
177|0|1|焦虑缓解音乐疗法
178|0|1|关闭推送减少干扰
179|0|1|想象成功画面练习
180|0|1|拆解目标避免压力
181|0|1|建立支持性人际关系
182|0|4|髋屈肌拉伸的方法
183|0|4|臀桥的标准动作要领
184|0|4|肩上推举的标准动作
185|0|4|登山跑的标准动作
186|0|4|训练组数次数安排
187|0|4|什么是渐进超负荷
188|0|4|分部位训练的安排
189|0|4|推拉腿训练计划安排
190|0|0|失眠的正确应对方法
191|0|1|压力源分类盘点方法
192|0|1|有氧运动释放压力
193|0|1|正念冥想练习方法
194|0|1|考前焦虑自我调节
195|0|1|听音乐放松减压法
196|0|1|压力性头痛缓解法
197|0|1|压力宣泄健康途径
198|0|1|做决定犹豫不决者
199|0|1|放下过去放过自己