400|0|3|晒后急救先给皮肤降温
401|0|2|心肺复苏按压连续性
402|0|2|海姆立克并发症观察
403|0|0|午餐吃饱吃好有讲究
404|0|0|晚餐宜清淡不过量
405|0|0|主食粗细粮搭配吃
406|0|0|牛奶补钙每天一杯
407|0|0|控糖要警惕隐形糖
408|0|0|白肉优于红肉的选择
409|0|0|隔夜菜处理要得当
410|0|0|食品标签会看更放心
411|0|0|成人睡眠七到九小时
412|0|0|睡前少看手机屏幕
413|0|0|睡觉流口水的常见原因
414|0|0|淡盐水不能天天喝
415|0|0|跌倒预防是老年重点
416|0|3|油性皮肤护理重点
417|0|3|皂基洁面的适用人群
418|0|3|鸡皮肤用果酸身体乳
419|0|3|防晒霜的补涂方法
420|0|3|防晒膜失效的信号
421|0|3|晒后返黑是正常现象
422|0|3|卸妆液进眼睛的处理
423|0|3|护肤品用量的参考
424|0|3|护肤品的开封日期要标注
425|0|3|儿童用品激素风险
426|0|1|压力性失眠应对方法
427|0|2|AED儿童模式使用
428|0|2|海姆立克适用人群
429|0|4|力量训练多久见效
430|0|4|有氧运动与睡眠关系
431|0|0|优质蛋白来源选择
432|0|0|外卖点餐健康技巧
433|0|0|坚果每天吃一小把
434|0|0|生熟分开防止感染
435|0|0|老年人的睡眠特点
436|0|0|孩子睡眠时间要充足
437|0|0|睡眠不好查查血糖
438|0|0|刷手机的正确姿势
439|0|0|居家办公也要活动
440|0|0|矿泉水纯净水怎么选
441|0|0|热敷眼睛也有讲究
442|0|0|太阳镜能保护眼睛
443|0|3|面霜封闭锁水作用
444|0|3|精华换新要适应期
445|0|3|广谱防晒覆盖全波段
446|0|3|防水防晒标识的含义
447|0|3|防晒霜和底妆的搭配
448|0|3|口罩也能辅助防晒
449|0|3|硬防晒和防晒霜搭配
450|0|3|儿童防晒的重要性
451|0|3|二次清洁不是去角质
452|0|3|搓泥不等于皮肤过敏
453|0|3|维生素C的抗氧作用
454|0|3|护肤品放冰箱好吗
455|0|3|不要频繁更换护肤品
456|0|2|AED电极片贴放位置
457|0|2|独自噎住自救方法
458|0|0|控油每天二十五克
459|0|0|清淡饮食少油少盐
460|0|0|吃水果的最佳时间
461|0|0|打鼾要引起高度重视
462|0|0|失眠试试冥想助眠
463|0|0|睡前情绪不要激动
464|0|0|久坐影响下肢循环
465|0|0|每小时起身活动一下
466|0|0|久坐双脚不悬空更舒适
467|0|0|晨起喝水排毒是真的吗
468|0|0|体检前的注意事项
469|0|3|用洗脸巾代替毛巾
470|0|3|运动出汗后及时洗
471|0|3|化妆水怎么涂效果好
472|0|3|防晒喷雾的用量注意
473|0|3|防晒霜开封时间要记
474|0|3|防晒伞的正确挑选
475|0|3|冬季防晒不要偷懒
476|0|3|睫毛膏的正确卸法
477|0|3|隐形眼镜和卸妆顺序
478|0|3|卸妆产品的乳化原理
479|0|3|皮肤刺痛时怎么清洁
480|0|3|小苏打去黑头是误区
481|0|2|心肺复苏成功率因素
482|0|2|昏迷者气道异物处理
483|0|4|力量训练后肌肉酸痛处理
484|0|4|有氧运动出汗越多越好吗
485|0|4|足底筋膜炎的预防
486|0|0|每餐吃到七八分饱
487|0|0|数羊不如练习呼吸
488|0|0|睡觉磨牙要重视处理
489|0|0|站立办公也有讲究
490|0|0|久坐人群的体检重点
491|0|0|护胃从三餐规律开始
492|0|0|口腔护理的日常流程
493|0|3|面膜一周两到三次
494|0|3|背部痘痘的护理方法
495|0|3|晒后补水保湿护理
496|0|3|卸眼妆湿敷再擦拭
497|0|3|卸妆水适合日常淡妆
498|0|3|卸妆产品按妆浓淡选
499|0|3|神经酰胺修护屏障
500|0|3|保湿成分叠加不冲突
501|0|3|护肤品保质期怎么看
502|0|3|护肤品变质的信号
503|0|3|敏感肌能不能去角质
504|0|3|黑头不会消失只能改善
505|0|2|心肺复苏体位要求
506|0|2|低血糖现场处理方法
507|0|4|力量训练与有氧怎么搭配
508|0|4|有氧运动的最佳时间
509|0|4|训练过度有哪些信号
510|0|4|运动后免疫力会下降吗
511|0|0|控盐每天不超五克
512|0|0|孕妇营养补充关键
513|0|0|晚上十一点前入睡
514|0|0|倒时差的快速调整
515|0|0|睡眠不足影响记忆
516|0|0|助眠产品理性看待
517|0|0|睡眠不足影响情绪
518|0|0|久坐臀部肌肉唤醒
519|0|0|键盘鼠标位置有讲究
520|0|0|通勤路上不要久坐
521|0|0|办公间隙眼睛休息
522|0|0|喝水不足的常见表现
523|0|0|腹泻时该喝什么水
524|0|0|高原环境要多喝水
525|0|0|喝水的量因人而异
526|0|3|抗老精华按需选择
527|0|3|防晒霜过期别再用
528|0|3|涂防晒别漏了嘴唇眼皮
529|0|3|防晒霜用量和补涂关系
530|0|3|出汗后防晒要重涂
531|0|3|阴天也要涂防晒霜
532|0|3|卸眼妆的棉签细节
533|0|3|卸妆水温不要太高
534|0|3|早上需要二次清洁吗
535|0|3|护肤品用量不足补救
536|0|3|护肤品过敏反应识别
537|0|3|护肤品酒精成分辨别
538|0|3|成分表排序的阅读
539|0|3|成分搭配的基本原则
540|0|3|烟酰胺和维C能一起用吗
541|0|3|视黄醇和烟酰胺的搭配
542|0|3|停用激素产品的反跳
543|0|1|惊恐发作的应对方法
544|0|1|更年期情绪波动应对
545|0|2|心肺复苏常见误区
546|0|2|儿童噎住急救处理
547|0|2|气道异物预防措施
548|0|2|心肌梗死急救要点
549|0|4|弹力带热身的使用方法
550|0|4|渐进负荷原则是什么
551|0|4|新手力量训练计划
552|0|4|训练前需要吃东西吗
553|0|4|恢复期可以练别的部位吗
554|0|0|每周吃两次深海鱼
555|0|0|轮班工作睡眠调整
556|0|0|拉伸锻炼要循序渐进
557|0|0|久坐族注意痔疮预防
558|0|0|屏幕字体调到合适大小
559|0|0|久坐族别忽视膝盖
560|0|0|弹力带办公室健身
561|0|0|蒸馏水不宜长期喝
562|0|0|泡茶用水也有讲究
563|0|0|感冒要多喝热水吗
564|0|3|洗脸水温接近体温
565|0|3|脸部清洁分区更科学
566|0|3|眼周防晒不能省略
567|0|3|冬季身体乳选滋润款
568|0|3|防晒霜的用量要足
569|0|3|防晒霜涂抹要均匀
570|0|3|防晒霜要提前涂抹
571|0|3|眼睛的防晒很重要
572|0|3|室内靠窗也要防晒
573|0|3|儿童防晒霜的选择
574|0|3|儿童补涂防晒要点
575|0|3|油皮适合哪种卸妆
576|0|3|卸妆油按摩时间控制
577|0|3|卸妆后二次清洁的意义
578|0|3|护肤品搓泥的原因
579|0|3|过敏测试的位置选择
580|0|3|视黄醇和酸类分开用
581|0|3|去角质过度的危害
582|0|3|皮肤粗糙不全是角质
583|0|3|护肤见效没有速效
584|0|3|危险三角区别乱挤
585|0|3|敷面膜的最佳时间
586|0|3|皮肤泛红的常见原因
587|0|1|焦虑症的基础认知
588|0|2|AED使用安全注意
589|0|2|婴幼儿窒息复苏处理
590|0|2|烫伤冲水降温处理
591|0|2|烫伤衣物剪脱原则
592|0|2|拨打120通话技巧
593|0|4|平板支撑的正确做法
594|0|4|运动后营养补充要点
595|0|4|肌肉酸痛需要休息吗
596|0|4|生理期可以运动吗
597|0|0|晚上夜宵尽量少吃
598|0|0|每天多吃深色蔬菜
599|0|0|儿童饮食少糖少盐