4|662
6|96,195
8|69,113,121,173,207,294,324,354,478
10|0,643,689,709,786
21|23,59,171,320,425,430,484,538,543,577
22|1,45,126,221,272,318,323,475,622,723,762,772,797
23|642,656
24|164,307,309,342,376,377,379,381,382,406,407,409,413,414,437,440,441,442,445,501,502,504,525,526,528,529,559,561,563,569,576
27|628,756
28|1,9,21,45,51,52,57,69,71,78,79,87,93,101,102,105,107,112,123,143,144,146,151,152,154,155,165,166,170,198,206,211,224,236,239,243,245,247,253,254,255,256,275,279,290,297,298,300,309,315,316,344,347,356,376,381,382,391,392,396,397,406,407,416,418,419,421,433,442,445,449,454,458,463,472,486,488,493,501,507,514,518,531,554,559,563,568,570,586,595,607,636,693
32|60,84,189,249
33|69
34|14,20,37,57,94,131,149,150,152,242,253,275,305,306,315,348,349,355,384,457,459,460,475,486,507,518,534,545,548,559,607,655,659
39|345,447,718
45|5,35,283,333,426,455,664
47|285
52|500,753,762
56|372
57|195
59|784
60|95,149,356,686,690
64|4,80,84,94,120,124,138,185,189,202,243,261,262,264,265,345,348,357,365,368,378,398,401,412,413,419,432,459,493,494,604,654,683,728,751
65|766
66|4,16,23,27,28,43,46,51,54,57,73,74,77,80,83,85,96,105,108,117,118,131,135,141,144,149,159,161,162,164,165,166,170,177,181,192,193,194,195,196,197,198,213,214,217,218,225,226,227,228,229,230,231,232,234,235,236,240,246,268,269,270,272,295,301,303,305,306,307,308,309,312,314,315,316,334,337,338,340,342,343,344,346,347,348,355,362,364,366,367,369,373,375,376,377,378,379,380,381,382,383,387,404,406,407,408,410,411,412,413,414,420,433,434,436,438,440,441,442,443,444,445,446,448,449,470,472,473,474,475,476,484,485,487,497,501,502,504,505,507,522,524,525,526,527,528,529,531,534,535,536,538,544,550,551,559,560,561,562,563,564,565,566,574,576,577,577,578,581,603,605,610,611
68|310
69|9,11,12,33,87,93,113,114,143,168,174,208,253,261,274,278,279,280,282,287,321,322,324,353,387,424,451,455,481,536,548,551,630,662,735
72|22,32,34,67,78,121,128,320,333,600
74|59,113,173,174,207,216,280
75|29,69,143,147,205,280,321,353,437,473,478,500,531
76|8,17,60,72,99,100,134,153,268,301,399,400,407,441,444,526
77|253,355,428,605,638,686,744,748
79|81,168,350,353,421,453,597
80|330,409
81|0,2,4,8,14,20,25,45,55,64,74,97,99,101,109,112,117,119,136,137,139,142,155,156,158,160,178,181,183,185,191,216,222,233,249,259,265,276,292,308,318,323,331,336,368,388,392,400,401,403,410,415,443,475,486,495,505,532,552,562,567,588,598,599
82|23,164
83|4,44,64,74,100,101,104,112,117,119,122,136,137,138,140,155,156,160,173,181,183,191,200,216,222,233,249,257,259,263,265,276,297,320,331,368,372,382,393,407,410,434,462,475,495,505,532,562,588,598
84|80,89,138,261,289,506,530,558,559,567,657,694,695,725,748,749
86|382,389,525,597
87|6,45,323,326,598
91|606
92|140,480,487,495
96|137,570,614,615,628,647,718,756
98|118
99|23
100|225,529
102|619
105|454
106|6,35,599,613,658
110|352
116|24
120|225,615,661
122|78
128|12,33,56,151,252,278,282,350,423,425,481,512,533
129|73,99,553
130|43,63,328,530
131|155,418,461,489,512,556,569,571
133|213,642
134|641,647
135|52,57,94,151,180,305,339,540
136|327,359,430,483,484,550,590
138|215,358,394,428,433,489,535,580,608
139|7,26,27,31,50,79,148,170,203,227,288,302,305,321,416,451,468,482,508,555,738
140|168,241,421
141|0,4,5,6,10,13,24,25,26,31,32,41,53,58,62,64,65,66,67,68,69,77,79,92,100,104,105,107,110,116,118,119,122,124,128,130,135,137,138,148,153,156,165,168,198,209,221,227,230,232,237,240,264,270,282,283,287,290,293,297,305,308,311,315,327,343,347,353,357,364,368,374,385,388,392,404,405,415,419,421,422,427,428,429,431,435,438,439,453,459,461,471,475,486,489,491,505,515,520,529,534,536,540,545,550,553,554,562,564,567,572,573,577,586,588,593,598,599,654,656,696,702,753
144|1,3,5,9,10,11,22,26,33,34,38,39,40,47,50,56,58,66,70,71,79,90,92,93,94,110,111,112,114,124,127,131,145,146,150,172,175,201,203,204,205,206,207,208,227,237,238,241,242,243,244,245,246,247,248,250,253,264,273,274,275,276,277,278,279,281,317,319,320,322,324,327,348,349,359,384,385,386,393,416,417,418,419,420,422,451,452,457,460,477,479,481,483,491,494,508,519,536,541,542,546,547,567,591,593
145|49,50,115,130,304,538,603
147|19,72,157,159,242,262,362,390,444,535,538,584
148|59,113,173,174,207,280,446
151|609,629,637,650,697,705,707,708,731,740,758,759,766,780,787,788,789
152|333
155|15,25,82,109,158,201,294,297,362,384,392,446,476,530,548,558,660,717
156|16,68,69,131,133,142,210,284,418,426,427,696
157|621
158|18,76,82,116,184,187,258,266,427,503,522,632,649,703
161|736
162|787
164|35,106,112,157,249,285,293,336,352,413,416,423,524,533,554,568,569,573,587,595,613
165|128,239,506,556
166|606
174|619,630,666,668,685,690,694,719,720,725,743,754,762,766,789,798
178|730
184|773
186|175,189,297,313,357,358,363,516,542,594,602,612,614,615,620,621,626,628,631,632,633,634,635,639,642,644,645,646,647,647,648,649,653,656,657,659,660,661,662,664,665,670,675,685,694,696,697,698,699,701,702,703,714,717,718,721,724,725,737,738,739,741,742,744,747,750,751,756,757,766,767,770,771,775,776,778,779,782,798
188|12,133,164,282,307,314,425,496
191|52,160
192|41,346,382,472,501,601
196|471
198|8,97,144,145,200,308,477,671,730
203|733
204|0
207|4,104,120,641,677
209|19,36,54,136,149,157,194,197,214,235,249,258,262,266,267,306,313,318,319,323,334,336,337,339,340,356,380,383,386,388,404,413,415,476,496,497,519,524,534
210|99,100,487,619,630,657,666,667,668,685,690,694,695,710,719,720,725,733,738,743,748,754,762,766,789,790,796,798
211|399
213|1,3,5,6,7,9,10,11,12,13,14,15,20,21,22,24,25,26,27,29,30,31,32,33,34,35,36,37,38,39,40,44,45,46,47,48,49,50,55,56,57,58,59,66,67,68,69,70,71,77,78,79,86,87,88,89,90,91,92,93,94,95,106,107,108,109,110,111,112,113,114,115,126,127,128,129,130,131,132,143,144,145,146,147,148,149,150,151,152,159,167,168,169,170,171,172,173,174,175,176,177,200,201,202,203,204,205,206,207,208,209,210,237,238,239,240,241,242,243,244,245,246,247,248,249,250,251,252,253,273,274,275,276,277,278,279,280,281,282,283,284,285,286,287,290,317,318,319,320,321,322,323,324,325,326,327,328,347,348,349,350,351,352,353,354,355,356,357,358,359,360,361,362,384,385,386,387,388,389,390,391,392,393,394,395,397,416,417,418,419,420,421,422,423,424,425,426,427,428,429,430,431,450,451,452,453,454,455,456,457,458,459,460,461,462,463,464,465,466,467,468,469,477,478,479,480,481,482,483,484,485,486,487,488,489,490,491,492,508,509,510,511,512,513,514,515,516,517,518,519,520,532,533,534,535,536,537,538,539,540,541,542,543,546,547,548,549,550,551,552,553,554,555,556,557,564,565,566,567,568,569,570,571,572,573,579,580,581,582,583,584,585,586,587,588,589,590,591,592,593,594,595,597,598,599,600,601,603,604,605,607,608,610,611,613,624
218|101,134,191,206,240,250,270,397,537,588,637,672,676,683,707,709,732,736,741,770,788
221|138,261,295,298
224|56,89,98,113,252,324,350,385,488,548,582,719
225|11,68,95,149,356,394,700
227|282,353,586,652
228|19,24,28,46,68,89,295,312,342,354,395,412,426,452,484,485,556,565,566,581,582,598,641,677
230|184
233|742,744
234|22,27,108,129,501,589
237|0,2,4,8,16,17,18,19,23,26,27,28,31,41,42,43,51,52,53,54,60,61,62,63,64,65,72,73,74,75,76,80,81,82,83,84,85,96,97,98,99,100,101,102,103,104,105,116,117,118,119,120,121,122,123,124,125,133,134,135,136,137,138,139,140,141,142,149,153,154,155,156,157,158,159,160,161,162,163,164,165,166,175,177,178,179,180,181,182,183,184,185,186,187,188,189,190,191,192,193,194,195,196,197,198,199,211,212,213,214,215,216,217,218,219,220,221,222,223,224,225,226,227,228,229,230,231,232,233,234,235,236,254,255,256,257,258,259,260,261,262,263,264,265,266,267,268,269,270,271,272,288,289,290,291,292,293,294,295,296,297,298,299,300,301,302,303,304,305,306,307,308,309,310,311,312,313,314,315,316,329,330,331,332,333,334,335,336,337,338,339,340,341,342,343,344,345,346,347,363,364,365,366,367,368,369,370,371,372,373,374,375,376,377,378,379,380,381,382,383,396,397,398,399,400,401,402,403,404,405,406,407,408,409,410,411,412,413,414,415,424,432,433,434,435,436,437,438,439,440,441,442,443,444,445,446,447,448,449,455,470,471,472,473,474,475,476,493,494,495,496,497,498,499,500,501,502,503,504,505,506,507,521,522,523,524,525,526,527,528,529,530,531,544,545,558,559,560,561,562,563,574,575,576,577,578
238|81,212,329,377,473,514,561
244|328,511,665,719,775
249|93,279,711,764,786
250|606
252|16,37,74,107,134,162,204,225,243,270,279,438,439,475,502,513,585
260|87,113,114,167,281,321,322,389,451,455,480,508,548
263|603
268|52,178,618,787
269|675,712,743,795
272|794
275|712
276|606
278|629,733,751
283|48,80,83,194,302,502,559
285|619,655,710,719,742,743,754,795
286|118,351
297|384
300|138,261,295,298,429,588
307|471
310|516,517,624
312|450
313|674
314|4,84,140,222,257,276,313,480,487,495,532,736
316|682,749
317|49,50,115,130
318|643,659
323|482,568
324|511,683
333|4,47,76,85,103,104,120,121,136,138,145,146,157,159,161,171,187,189,191,204,217,218,219,221,222,224,225,260,265,293,294,295,298,299,300,310,332,333,336,338,358,359,371,402,403,495,506,555,556,571,591,592
335|155
339|489
341|137
342|693
347|516
350|9,19,30,42,53,61,89,105,171,241,267,273,285,318,328,349,375,385,425,465,492,497,523,543,577,582,585,702,738,750,751,757
351|596,617,629,631,671,730,739,754,759,760,762,789
353|49,115,286,360,431,463,594,600,684,710,726
354|708
356|216,359,471,545,596
358|38,132
360|9,11,26,50,58,90,106,168,178,203,246,330,420,451,455,464,477,480,513,515,535,548,553,666,693,747,762
364|683
368|1,2,4,8,9,15,16,19,21,28,31,42,45,51,52,53,57,60,63,69,71,75,78,79,87,93,96,98,101,102,105,107,112,116,123,125,133,136,143,144,146,151,152,154,155,158,165,166,170,178,179,183,184,187,188,190,191,198,199,205,206,211,215,222,223,224,230,236,239,243,245,247,253,254,255,256,257,260,262,266,267,268,274,275,279,282,288,290,291,297,298,300,302,304,309,311,313,315,316,322,331,341,344,345,347,353,356,363,365,370,374,376,381,382,391,392,396,397,402,405,406,407,409,416,418,419,421,433,435,437,439,442,445,449,454,458,463,472,481,486,488,493,494,495,496,499,500,501,503,507,514,518,521,523,530,531,554,558,559,563,568,570,574,603,607,621,699,779
376|151,241,387,552,742,791
379|780
382|501
384|128,141,239
385|657,701
386|658
387|519
392|61,375,436
393|16,25,179,269,300,396,431,479
394|1,9,13,39,44,66,103,173,186,205,206,207,215,241,250,293,324,391,462,478,546
401|372,511,604,619,629,632,693,710,713,714,774,776,798
408|141,281,454,511,544
409|638,689,796
411|72,444,709
412|754
413|194,219,530,536,558,697,698,713,727,754,757
414|731
415|584
417|233
419|6,7,9,11,12,13,14,19,20,21,27,32,33,34,36,37,38,39,45,54,66,67,68,70,75,77,80,83,86,87,89,90,92,102,108,109,122,126,143,144,148,149,157,159,162,165,168,169,176,196,197,204,229,235,241,242,247,251,254,257,262,266,267,273,274,275,276,277,280,281,282,290,291,294,306,309,318,319,321,322,323,324,333,337,339,340,348,349,350,354,357,367,386,388,389,392,395,404,421,427,451,452,454,455,463,476,477,480,481,486,488,492,494,496,497,498,508,511,512,521,523,532,534,556,565,570,571,588,597,677,692,715
420|719
422|54,55,110,132,158,197,203,249,258,310,313,334,380,383,415,424,476,509,780
423|606
424|40,57,131,135,254,317,571,640,670,699
425|96,122,276,355,367,374,436,465,473,512,515,532
426|17,205,215,231,257,342,384,479,548,549,566,608,617,663,671,682,708,785,796
427|13,23,24,32,66,72,169,184,197,199,312,407,411,431,446,468,565
429|139,164,179,209,230,303,367,476,691
433|53,499,625,635,659,666,680,692,696,754,755
436|31,296,504,506,506,639
437|96
438|452
441|57,87,94,151,305
445|477,604
446|188
452|18,62,63,72,167,289,609,690,707,759
453|5,47,71,90,127,146,237,393,422,519
461|84,189,256,411,575
464|796
468|618,729,780
470|96,755
472|58,71,127,131,602,699
473|219,326,481,516,517,530,558,619,624,668,675,684,693,694,695,710,712,719,723,736,743,748,754,754,757,773,794,795,796,797
474|643,659
476|618,648,705,762,771
477|246
478|86,149,165,229,340,367,386,529,534,602,651,655,663,665,670,671,672,679,683,686,689,692,693,699,700,709,712,716,721,723,732,733,734,743,744,752,754,761,762,767,773,777,782,785,786,788,795,797
480|691
481|23,51,372,467,605,610
482|364,433,695
485|150,210,226,420,430,464
487|80,192,328,373,405,669,701,725,777
490|35,55,79,93,107,112,170,172,241,243,249,274,278,279,333,350,352,384,389,416,420,424,454,464,469,509,515,551,568,573,588,589,595,597,613,777,791
495|78,128,129,452,492,572,703
496|126,172,190,777
497|454,590,603
506|736
507|38,744
509|306,435
511|666,667,668,685,719,796
512|784
513|691
516|656,674,691,755,780
523|14,158,215,453,461,714,778
524|342
525|540
527|8,84,120,127,436,478,645,697,757,778
531|235,375,404,523
534|679,734,761
538|304
539|643,659,709
540|64,119,145,225
544|21,156,237,249,303,304,398,417,422,439,493
545|166,192,226,267,375,404,498,523,605,700,712
548|1,196,572,678,694,706,714,790
550|20,239,349,466,506
554|745
555|386,524,705,730,755,758,784,786,789
557|537
558|0,31,84,103,182,183,189,313,343,419,438,648,650,661,663,704,705,710,711,714,734,765,779,792,799
559|618,658
562|724,747,759
565|5,40,307,388,438
566|114,125,150,253,460
569|329,561
570|690
572|606,612,626,635,638,663,715,716,745,746,793
575|658
576|5,7,23,34,35,51,57,61,68,71,86,91,113,123,128,134,167,186,194,199,213,224,235,254,278,305,333,337,345,361,375,376,388,414,422,450,453,454,455,468,486,498,505,523,529,538,540,561,563,570,572,577,578,579,583,613,636,652,654,713
580|14,15,29,41,48,69,86,87,108,143,167,174,239,280,286,325,360,390,453,461,463,466,517,525,539,557,572,589,593,594,636,681,701,703
584|158,222,237,239,360,390,466,517,557,576
587|151,176,245,252,353,389,418,423,480,488,508,592,672
590|7,26,27,50,57,79,90,94,145,148,170,175,203,237,253,257,328,359,416,422,501,535,547,550,580,771
592|61,219,332,614,623,633,639,655,669,756
594|158,429,588
597|166,193
598|44,69,96,102,132,186,193,203,217,218,321,396,431,455,477,479,480,508,548,553,626
600|91,368
601|746
604|413
606|430
607|526,634,744
608|34,663,692
610|60,86,92,110,144,201,234,239,382,424,519,552,557,591
611|0,2,8,17,18,23,41,51,52,60,61,62,72,73,80,81,82,96,97,98,99,116,133,135,153,163,177,178,179,180,181,182,212,213,230,234,254,288,289,290,304,329,330,343,363,364,396,397,432,433,574
612|25,165,529,555,635,716
613|263,335,769
614|16,54,122,125,134,159,195,196,197,223,270,291,295,299,312,336,383,569,775
622|769
623|784
626|368,378,670
628|72,764
629|32,62,76,110,126,165,230,232,270,308,405,435,438,450,577,582,692,693
630|614,690,756
631|620,640,728
632|0,35,47,49,88,95,112,146,173,182,191,200,201,202,221,272,273,360,429,441,457,463,483,488,489,490,519,520,543,549,552,568,569,573,578,587,589,590,592,599,600,601,604,620,640,646,647,649,660,664,718,728,736,767,768,776,779,781
633|106,111,294,297,464
634|40,79,150,167,325,341,390,450,579
635|12,33,56,111,113,114,151,209,277,278,387,577
637|0,182,193,242,295,343,385,458
638|7,190,281,295,322,336,370,373,378,405,488,511,633,634,653,669
640|638,765,793
641|90,557,665,775
645|6,17,43,44,114,134,150,153,208,217,221,249,253,272,313,417,460,530,566,614,634,667,679,687,720,722,749,756,781
649|94,155,246,266,296,368,496,502,521,683,755
650|625
652|348,373,384,549,566,780
653|560,570,700,778
654|72
655|67,361,715
657|436,638,765,793
658|780
659|663
660|143,280,576,726
661|2,94,101,111,178,216,254,538,561,609,678,680,716,747,751,768,770,776
663|49,115,286,360,431,463,594,600
665|55,220,297,445,509,552,711,764,786
667|20,239,349,466
668|74,129,258,452,492
669|606
670|707
671|1,3,5,6,7,9,9,10,11,12,13,14,15,15,20,21,22,24,25,26,27,29,29,30,32,33,34,35,36,37,38,39,40,44,45,46,47,48,49,50,55,56,57,58,59,62,66,67,68,69,70,71,72,74,77,78,79,82,86,87,88,89,90,91,92,93,94,95,106,107,108,109,110,111,112,113,114,115,117,126,127,128,129,130,131,132,133,143,143,144,145,146,147,148,149,150,151,152,163,167,168,169,170,171,172,173,174,175,176,178,180,186,187,200,201,202,203,204,205,206,206,207,208,209,209,210,212,227,232,237,238,239,240,241,242,243,244,245,246,247,248,249,250,250,251,252,253,263,273,274,275,276,277,278,279,280,280,281,282,283,284,285,286,287,293,294,297,317,318,319,320,321,322,323,324,325,326,327,328,348,349,350,351,352,353,354,355,356,357,358,359,360,361,362,381,383,384,385,386,387,388,389,390,391,392,393,394,395,415,416,417,418,419,420,421,422,423,424,425,426,427,428,429,430,431,432,441,447,450,451,452,453,454,455,456,457,458,459,460,461,462,463,464,465,466,467,468,469,477,478,479,480,481,482,483,484,485,486,487,488,489,490,491,492,507,508,509,510,511,512,513,514,515,516,517,518,519,520,532,533,534,535,536,537,538,539,540,541,542,543,546,547,548,549,550,551,552,553,554,555,556,557,564,564,565,566,567,568,569,570,571,572,573,576,579,580,581,582,583,584,585,586,587,588,589,590,591,592,593,594,595,597,598,599,600,601,603,604,605,607,608,610,611,613,624,639
674|700
675|238
676|1,3,34,244,426,485,565,566,567,651,790
677|1,7,11,12,13,39,44,48,62,72,103,132,137,186,199,203,206,251,274,287,293,294,350,353,391,411,416,419,461,462,478,546,551,581,609,638,742,743,770,771,777,791,795
678|641
679|111,175,176,245,321,389,510,597
680|118,210,517,698
682|1,3,34,44,55,103,106,114,186,192,213,234,244,265,290,293,363,404,405,409,417,429,437,509,513,537,552,567,595,636,693
684|87,142,336,642,643,659,679,689,726
685|470,539,798
686|5,7,202,314,381,388,426,469,485,539,613
688|195,339,437,660,741
689|440,448,551,626,633,651,659
690|396,574,646,773
691|98,177,179,211,497
692|6,120,139,153,158,249,292,297,415,417,687
693|747
694|14,20,43,74,196,200,349,392,485,513,530,546,714
698|84,117,173,183,189,265,273,361,365,377,440,445,448,476,696
701|3,39,40,45,63,86,89,154,174,184,273,319,366,441,484,546,549,566,582,691,772,799
702|476
703|551,651,691,790
704|38,223,542,717,785
707|156,216
708|17,44,153,185,190,221,267,272,313,417,667,753
709|158
711|10,11,18,18,22,82,111,116,157,196,262,283,303,386,413,498,524,533,619,662,737,772,799
713|25,36,92,152,296,352,489
714|94,104,124,204,248,264,419,452,586,773
715|2,3,6,21,25,27,30,40,46,48,49,52,59,77,86,91,95,107,112,129,132,140,141,150,171,172,174,176,178,220,242,243,244,245,251,262,276,287,292,317,320,328,351,352,384,387,403,408,418,429,461,462,468,469,480,487,509,510,512,532,537,539,541,552,554,557,564,565,580,581,582,583,589,595,600,604,608,610,613,624
716|85,229,673,792
721|503,676,740
723|676,740
724|90,605,666,747
726|137
728|92,204,586
730|4,5,6,10,49,50,53,65,79,92,104,105,107,115,116,124,130,130,148,209,227,240,246,264,287,305,311,327,343,357,374,385,404,428,429,439,461,489,491,515,534,536,553,567,573,576,588,599,627,654,733,745
731|70,158,297,530,558,722
734|204,218
738|233
741|248,437,570,766
742|13,48,49,77,115,147,431,467,539,540,600
743|69,623
744|2,5,25,48,57,62,91,174,176,178,414,510,525,541,583,600
746|11,424,454,717
747|1,3,393,649,656,658,772
752|28,107,130,155,163,190,193,226,228,243,264,267,269,302,303,306,337,339,368,373,378,391,405,418,423,431,434,465,496,556,610,616,640
754|41,136,379,745,769
756|24,27,33,40,46,61,87,113,121,129,150,167,173,174,207,209,240,245,284,287,325,326,354,430,560,579,581,598,644,720
757|238,332,334,502,550,778
758|76,132,232,235,275,295,375,384,401,412,432,523,681,697,698,715,773,774
759|38,229,291,307,341,376,386,632,660,673,676
760|733,751
761|4,26,50,58,106,120,123,138,153,166,194,203,246,261,262,313,330,339,341,345,420,435,464,475,507,513,515,535,553,656,691,696,702,753
763|609,621,629,637,650,707,731,759,779,787,788
764|44,74,102,186,203,299,332,403,505
766|297,552
767|184,503,544
769|164,199,312,326,342,408,428,539,623
770|63,86,154,192,363,373,425,543,619,640,655,675
771|55,60,65,71,80,89,90,138,144,154,175,190,261,335,369,370,378,393,424,426,431,470,546,547,559,564,582,608,704,771
775|67,617,636,640
778|218,696,774
779|55,249,274,424,741,763
782|14,56,89,109,150,251,286,419,461,464,491,549,581,681
783|616,745
785|606
786|53,71,393,499
790|157,262,341,376,584
791|192,373,744,764,772,799
794|0,12,33,52,69,93,113,114,121,174,181,182,208,220,238,253,260,279,280,343,387,483,485,536,550,551,560
795|184,382,446,503
796|423,554,580,594,753
797|304,311,459,522
799|16,134,135,251,270,328,465,520,533,572,614,628,649,721,728,732
801|90,153,169,175,201,206,237,278,344,421,579,636,790
803|122,155,283,371,555
804|778
806|168,241,421
807|158,382,713
809|31,222,326,358,362,391,430,482,514
810|112,154,168,204,330,336,361,419,421,434,446,474
812|634
814|19,47,98,146,171,184,257,260,291,310,358,359,366,371,555,591
815|487,541,727,753,756
816|204
817|0,0,1,5,6,8,9,11,13,24,25,28,31,32,42,43,53,62,66,67,72,77,97,102,104,114,118,121,128,139,159,166,168,169,182,183,198,212,222,236,278,281,282,283,292,293,294,308,315,316,322,343,346,347,353,363,389,392,419,421,431,443,449,450,451,453,461,508,511,515,531,540,554,586,599,636,653,658,678,686,687,700,715,716,749
818|196,282,353,567,586
820|264,355,374,427,456,490,512,534
821|11,35,48,49,77,78,108,147,206,207,223,244,250,327,417,431,467,469,482,490,508,520,539,554,587,592,599,607,613
822|275,696,774
823|231,253,436,473
825|56,113,211,252,272,350,385,488,548
828|158,415
831|625,679,689,707,708,729,734,761
832|16,125,134,195,270,484,529
833|58,86,239,552,557,795
834|362
835|737
836|45,92,110,167,201,280,318,323,325
837|62,72,110,175,237,307,450,453,471,579,651,664
838|181,241,612
839|231
840|1,3,47,69,191,237,393,713,774
842|224
843|75,233,256,339,369,370,408,409,441,470,476,521,527,576,744
845|724
847|54,73,103,197,383,618,683
848|630
849|40,123,124,171,173,188,238,273,320,358,393,425,504,522,539,543,592,604
850|538,698
851|14,20,37,57,64,94,104,118,119,124,131,149,150,156,167,183,204,214,242,248,253,264,275,286,291,325,348,349,355,390,419,452,457,459,460,483,486,518,534,545,578,579,586,607,624
854|584
855|0,182,343
856|95,208,286,356,456,457,458,465,543,596,601,726,736,783,794
857|16
858|377,408,448,765,791
859|10,18,79,108,123,124,147,152,170,177,188,208,228,240,254,283,303,386,522,549,566,589,605
861|36,134,147,270,350,456,467,473,549,587,599
862|7,10,11,19,32,63,101,122,148,154,183,184,214,260,291,296,335,367,371,398,399,400,409,493,515,641,647
863|8,17,60,61,72,103,134,153,160,192,231,259,268,301,331,375,407,441,444,526,564,584,590
865|41,100,117,137,231,342,509
866|636,656,711,735,741,764,782
867|19,48,80,367,402,445,496,559
869|659,669,777,791
870|2,18,60,81,82,97,164,180,187,191,212,219,224,260,261,298,299,300,308,329,330,332,363,396,397,402,410,440,448,449,472,473,503,526,558,559,574
872|243
875|365,504
877|365
878|243
879|398,493
880|720
881|445
882|169,202,569,583,624,663
883|15,108,134,174,280,520
884|7,24,274,317,350,556,654,672,732,758,787
886|6,72,73,139,166,179,192,226,267,268,303,341,376,401,404,432,435,436,442,498,523,575,700,749
887|105,331
888|627,639,664,677,689
889|33,61,113,121,167,173,207,209,245,284,325,354,579,581
890|9,19,30,42,53,65,89,105,119,155,171,241,267,273,285,318,349,385,425,492,497,543,582,585,588,702,738,750,751,757
891|17,52,82,91,99,133,159,180,212,230,235,242,268,283,301,314,329,362,363,385,401,432,518,538,575,583
892|16,134,291,520,632,673,674,676
893|26,46,94,109,119,123,142,210,227,247,268,318,319,329,355,358,368,394,401,427,428,432,442,451,456,489,490,522,528,534,535,575,580,608
894|63,558,772,799
895|240,385
897|226,257,391,632,673,776,794
898|200,747
899|14,89,109,437,549,584,654,668,686,724
900|734
901|586
903|87,91,106,169,202,395,465,583,584
904|108,270,367,383,402,409,415,517,569,570,612,629,693,726,736,761,775,783,794
906|519
908|88,144,314,381,509,547,683
911|78,78,91,251,368,487,572,649
912|734
913|380,383,686,748,761
915|370,405,442
918|785
919|24,91,98,169,173,202,210,248,317,358,360,361,394,429,463,465,469,569,577,583,584,588,589,590,593,603,604,610,611,613,624,656,674,691,753,755,780
922|625
923|93,172,274,384,466,529,567
925|26,58,175,200,202,245,321,389,398,453,597,604,615,647,693,718,736
926|21,29,212,230,309,363,379,567
927|214,619,655,667,681,688,691,703,722
928|14,19,20,30,32,34,36,37,42,67,70,89,99,100,106,109,126,157,185,204,223,242,273,298,306,310,319,323,349,386,392,398,400,413,426,452,468,477,479,482,486,488,492,493,501,502,513,525,545,556,559,568,570,571,698,712
930|205
931|622,727,740,741,769
932|171,699
933|65,122,185,234,256,260,366,369,371,380,411,529,555
934|141,220,226,262,403,420,558,680
936|1,12,33,34,45,56,70,113,126,151,175,176,237,251,274,276,278,281,282,283,312,318,322,323,344,350,352,353,354,390,399,422,423,424,455,478,479,480,481,492,506,510,512,516,532,548,651,769,790
939|37,75,76,88,127,132,153,185,220,221,285,287,327,417,492,513,516,585,602,603,635,645,646,649,670,680,721,752
940|170,199,291,444,496,529,601
941|201,751
942|47,88,92,422,586
943|12,27,33,40,46,56,113,151,209,216,269,278,282,287,325,401,522,554,560,579,598
944|183
945|720
947|742
948|796
949|405
950|4,76,103,104,120,121,136,138,157,159,184,187,191,217,218,219,221,222,224,260,293,294,295,298,299,300,326,332,333,336,371,379,402,403,446,495,506,537,621
953|625
954|156,231,635,651,665,686,690,692,698,700,716,734,763,776,777,790,791
961|30,37,106,242,477,482,513,518,698,734
963|141,157,188,230,262,299,306,403,413,439,763,792
965|0,2,4,8,16,17,18,19,23,28,31,41,42,43,51,52,53,54,60,61,62,63,64,65,72,73,74,75,76,80,81,82,83,84,85,96,97,98,99,100,101,102,103,104,105,116,117,118,119,120,121,122,123,124,125,133,134,135,136,137,138,139,140,141,142,146,153,154,155,156,157,158,159,160,161,162,163,164,165,166,177,178,179,180,181,182,183,184,185,186,187,188,189,190,191,192,193,194,195,196,197,198,199,202,211,212,213,214,215,216,217,218,219,220,221,222,223,224,225,226,227,228,229,230,231,232,233,234,235,236,254,255,256,257,258,259,260,261,262,263,264,265,266,267,268,269,270,271,272,288,289,290,291,292,293,294,295,296,297,298,299,300,301,302,303,304,305,306,307,308,309,310,311,312,313,314,315,316,329,330,331,332,333,334,335,336,337,338,339,340,341,342,343,344,345,346,347,363,364,365,366,367,368,369,370,371,372,373,374,375,376,377,378,379,380,381,382,383,396,397,398,399,400,401,402,403,404,405,406,407,408,409,410,411,412,413,414,415,432,433,434,435,436,437,438,439,440,441,442,443,444,445,446,447,448,449,457,470,471,472,473,474,475,476,493,494,495,496,497,498,499,500,501,502,503,504,505,506,507,521,522,523,524,525,526,527,528,529,530,531,543,544,545,558,559,560,561,562,563,574,575,576,577,578,601,652,723,727
968|284
970|82,218,232
971|616,629,682,726
972|115,284,285,286,358,362,430,431,464,467,491,516,520,540,557,585,591,592,611,628,641,717
973|7,11,15,22,27,32,59,92,99,100,113,129,172,173,174,207,280,321,357,359,400,483,495,536,548,591
974|622,657,662,685,697,697,698,701,714,727,737,740,741,769
975|102,217,477
977|181,369,440,537
979|122,367,420
980|283,389,727
981|326,426,430,606
982|233,476,538,596,617,629,631,644,671,675,730,739,754,759,760,762,789
983|23,51,121,204,223,261
984|162,217,225,666,706,720,731,778
985|688
986|78,128,129,452,492,637,751,752,770,776
987|201,596,602,606,609,612,614,615,616,617,618,619,620,621,622,623,625,626,627,628,629,630,631,632,633,634,635,636,637,638,639,640,641,642,643,644,645,646,647,648,649,650,651,652,653,654,655,656,657,658,659,660,661,662,663,664,665,666,667,668,669,670,671,672,673,674,675,676,677,678,679,680,681,682,683,684,684,685,686,687,688,689,690,691,692,693,694,695,696,697,698,699,700,701,702,703,704,705,706,707,708,709,710,710,711,712,713,714,715,716,717,718,719,720,721,722,723,724,725,726,727,728,729,730,731,732,733,734,735,736,737,738,739,740,741,742,743,744,745,746,747,748,749,750,751,752,753,754,755,756,757,758,759,760,761,762,763,764,765,766,767,768,769,770,771,772,773,774,775,776,777,778,779,780,781,782,783,784,785,786,787,788,789,790,791,792,793,794,795,796,797,798,799
990|391,418,556
991|553,652,723
992|194,334,651,790
993|766
995|609,632,770,771
996|296,354,623,688,728,739
999|606
1000|47,88,92,144,200,422
1001|358,516,542,654
1003|66,623,625,627,648,655,675,689,704,705,763,783,784
1004|61,80,763,779,792
1005|87,323
1006|201,650
1008|55,93,107,112,172,243,249,274,279,352,384,389,420,424,454,464,469,509,568,573,588,595,597,613
1012|43
1013|1,13,48,49,63,77,115,147,183,217,218,331,365,410,429,431,467,495,539,540,600
1016|84
1023|10,185,287,399,401,519
1024|332
1033|672,687
1037|183
1042|6
1045|706
1046|9,30,56,151,205,278,421
1047|74,222,271,411,444,721
1054|6,121,294,416,485,615,661
1056|15,32,49,110,115,126,188,252,323,497
1059|15,174,188,280
1060|34,63,116,154,199,288,291,366,394,428,435,447,457,483,718
1061|692
1063|61,614,623,633,639,655,669,756
1064|82
1065|36,147,204,456,521,549,571,587,599
1066|677
1069|263
1071|596,617,671,687,706,714,726,730,758,785,786
1075|62
1079|67,68,73,99,140,202,238,304,455,487,495,517,553,593
1081|603,613
1082|60,381
1084|17,125,163,166,289,299,329,341,396,413,414,435,475,507
1091|70,246,389,529,628
1094|9,16,30,40,43,56,80,122,151,165,200,205,214,241,278,285,290,348,421,423,458,527,530,533,556,595,645,681,696,697,778
1096|727,755
1098|196,215,335,433
1100|336
1103|13,55,66,81,88,142,188,196,212,249,263,309,320,324,352,363,424,456,462,478,506,528,561,573,616,633,634,647,653,768
1105|529
1109|670,671,695,699,712
1112|21,29
1114|146,334
1118|25,36,165,176,327,394,510,516,529,555,703
1119|30,59,95,125,208,351,363,421,468,482,556,574,619
1121|0,23,51,65,136,182,185,255,256,271,311,331,343,346,365,369,414,439,447,470,472,475,494,505,527,531,586,598
1123|10,18,36,93,176,179,190,224,276,278,279,380,412,426,482,485,486,510,532,545,560,575,578,585,610
1124|35,48,49,77,78,108,147,283,431,467,469,482,490,520,539,539,554,587,592,599,607,613
1125|204
1126|697,698
1127|236,485,615,647
1128|8,9,30,31,36,59,60,63,95,131,133,154,161,173,179,205,206,207,241,245,250,301,314,324,338,351,366,391,423,457,462,468,478,601,639,643,659,660,664,699,717,728,738,744,767
1129|174,370
1130|1,3,5,24,46,47,68,69,71,74,75,83,131,132,138,201,203,215,221,281,296,321,322,354,367,399,422,426,427,471,479,485,506,508,550,565,566,581,598,639,700
1131|615,620,621,628,646,648,660,661,665,682,703,718,721,729,747,775,779,782,784
1132|18,219,221,224,272,300,396,667
1133|22,27,129,501
1134|11,30,59,103
1135|16,25,109,392
1140|100,117,137,183,233,394,408,441,521,576,596,602,606,609,612,614,615,616,617,618,619,620,621,622,623,625,626,627,628,629,630,631,632,633,634,635,636,637,638,639,640,641,642,643,644,645,646,647,648,649,650,651,652,653,654,655,656,657,658,659,660,661,662,663,664,665,666,667,668,669,670,671,672,673,674,675,676,677,678,679,680,681,682,683,684,685,686,687,688,689,690,691,692,693,694,695,696,697,698,699,700,701,702,703,704,705,706,707,708,709,710,711,712,713,714,715,716,717,718,719,720,721,722,723,724,725,726,727,728,729,730,731,732,733,734,735,736,737,738,739,740,741,742,743,744,745,746,747,748,749,750,751,752,753,754,755,756,757,758,759,760,761,762,763,763,764,765,766,767,768,769,770,771,772,773,774,775,776,777,778,779,780,781,782,783,784,785,786,787,788,789,790,791,792,792,793,794,795,796,797,798,799
1142|135
1143|64,67,94,119,141,708,752
1146|491
1154|15,19,26,37,93,192,205,291,373,384,486,537,549,574,596,609,638,639,648,650,661,679,686,704,705,707,710,711,726,734,742,743,748,759,761,765,792,794,795,799
1155|43,260
1162|526
1164|14,185,380,398,401,412,432,444
1167|422,479,785
1169|62,184,359,467,541,619,655,700,723,797
1171|324,616,633,634,647,653,768
1172|12,33,56,87,91,106,151,169,202,252,278,282,283,296,321,350,352,389,395,423,424,425,451,455,480,481,508,512,533,583,664,747
1178|429
1179|539,691
1180|149,150,200
1181|533
1183|52,58,93,172,190,196,274,303,384,551,567,777
1185|9,11,12,33,45,87,92,102,108,122,126,143,144,148,159,162,168,169,173,176,241,251,257,274,276,280,281,282,318,321,322,324,348,350,354,367,389,395,421,451,454,455,463,477,480,481,492,508,511,512,532,597
1186|91,95,193,208,253,277,355,356,380,412,456,457,458,465,482,543,545,569,578,583,585,601,722
1188|666,668,685,796
1192|0,8,17,22,30,36,49,50,59,60,81,87,95,99,115,117,130,143,151,162,172,176,207,210,234,242,245,252,268,271,283,289,301,308,314,330,343,351,353,368,379,385,389,393,401,407,408,411,423,432,442,443,444,458,465,468,478,480,482,488,499,508,513,518,528,563,575,602,702,745
1194|47,80,145,146,159,171,187,189,191,224,300,310,358,359,402,540,555,591,592,779
1195|630,631,662
1199|630,631,662
1203|172,277,451,520,548,636,637,717,782
1204|9,10,11,19,22,26,33,39,40,50,56,58,76,79,92,93,94,110,111,112,114,123,124,131,150,172,203,204,205,208,227,241,242,243,244,245,246,247,248,250,253,273,274,275,276,277,319,320,348,349,384,385,386,416,417,418,419,420,451,452,457,460,477,522,546
1205|68,485
1209|55,519,552,567,598
1210|73,103,108,179,323,434,589,636,716
1215|10,122,130,148,179,344,355,372,373,374,419,461,487,515,601,620,630,638,639,663,668,724,767,781
1216|17,31,125,295,372,605,660
1218|36,147,160,208,220,228,286,350,456,518,549,587,605
1223|167,174,175,325,390,450,546,579
1224|310,622,639
1225|111,209,234,284,290,428,551,614,646,756
1227|310,372,471
1229|19,26,90,94,95,115,209,238,248,284,286,305,327,358,359,360,362,394,416,418,457,467,489,490,491,519,520,539,541,543,547,555,557,564,569,571,572,573,580,586,591,594,595,600,601,608,611,615,624,648,661,703,740,769,782
1230|31,558,772,797
1232|695
1233|195
1234|94,124,243,264,348,357,419,459,545,654,720
1236|56,150,209,284,464,491,581,614,628,721,756,778
1238|22,31,32,34,48,61,67,78,116,121,128,203,206,250,281,288,302,305,320,324,333,462,600,738
1239|641
1240|173,221,596,614,623,628,661,663,761
1241|453
1242|625
1246|47,146,173,215,259,273,488,568,604,641
1247|755
1248|70,90,127,145,146,175,201,221,225,238,272,281,322,327,359,372,483,491,517,519,536,541,547,550,591
1254|213
1256|34,44,46,83,151,186,233,245,284,293,387,427,483,562,608
1258|8,139,292
1260|100,220,338,552,657,695,701,784
1261|51,53,63,86,154,184,366,446,499
1262|118,431,555
1264|797
1266|68,485,584
1267|263,517
1269|645,698
1275|159,471
1279|413
1286|614,628
1287|622
1291|624
1293|14,20,25,45,252,323,357,388,427,456,549,722
1294|702
1299|606
1300|640
1302|235,498,523,649,757
1303|76,632,676,677,688,728,739,740
1305|76,187,194,302
1308|2,31,52,67,116,117,119,160,161,178,184,199,209,251,288,338,365,366,370,381,385,394,435,483,516,581,622,631,632,772,773,774
1313|74,101,162,173,202,406
1318|82,102,141,142,217,232,336,403,541,653,658,694
1321|187
1323|64,89,119,156,216,319
1324|187,381,606
1325|637,770
1326|679,689
1332|36,88,144,200,296,354,370,426,485,486,560,610
1336|60,608
1337|85,229,674
1339|15,29,143,280
1341|29,133,166,198,205,236,307,312,314,315,316,321,344,345,347,379,382,410,437,440,445,446,447,449,472,474,478,496,500,503,531,562,567
1345|696
1349|484
1352|70,88,144,145,200,209,251,477,547,581,668,686,724
1354|103,146,202,215,259,265,297,372,399,457,543,601
1355|183,672,724,747,759
1357|238,533
1358|144,145,200,547
1362|19
1363|766
1365|38,132,321,396,455,479,480,548,574
1366|18,73,96,98,116,177,332,483,590,766
1368|6,7,10,83,88,91,92,107,205,244,273,305,309,328,417,428,469,515,553,583,652,686,723
1376|5,35,37,54,73,82,171,197,232,275,282,383,460,681,715
1380|109,247,318,319,536,597,716
1381|180,183,199,305,329,345,414,454,468,505,514,528,561,563,575,578
1385|17,200,218,234,288,289,290,364,433,574,745
1386|18,93,177,279,467,610
1387|92,115,284,285,286,358,362,430,431,464,467,477,491,516,520,540,557,585,591,592,611,628,631,641,717,739
1402|310,596,606,644,645,675,698,702,722,734,745,750,795,799
1403|651,692,746,790,798
1405|510
1408|1,63,281,328,511
1410|7,74,78,88,90,92,244,258,273,453,616,620,639,668,669,724,727,767,781
1412|276,532
1413|141
1416|672
1418|31
1424|4,222,479
1425|238,285,379,503,558,717
1426|558,620,639,668,724,767,781
1428|466
1429|31,84
1430|42,387,466,488,749
1431|4,31,222,391,466
1433|125,167,201,280,325,538,698
1436|84,351
1437|31,120,139,291,292,312,345,414,558,563
1438|268,341,376,401,432,435,442,575
1440|644,645,675,696,697,750
1442|22,27,38,67,75,78,85,161,256,265,283,338,340,369,370,386,470,476,527,542
1443|504
1444|1,3,5,6,7,9,10,11,12,13,14,15,20,21,22,24,25,26,27,29,30,32,33,34,34,35,36,37,38,39,40,44,45,46,47,47,48,49,50,54,55,56,57,58,59,66,66,67,68,69,70,71,71,77,78,79,83,86,87,88,89,90,91,92,93,94,95,106,107,108,109,110,111,112,113,114,115,126,127,128,128,129,130,131,132,137,143,144,145,146,147,148,149,150,151,152,167,168,169,170,171,172,173,174,175,176,177,179,189,197,200,201,202,203,204,205,206,207,208,209,210,221,237,237,238,238,239,240,241,242,243,244,245,246,247,248,249,250,251,252,253,258,261,273,274,275,276,277,278,279,280,281,282,283,284,285,286,287,295,298,312,317,318,319,320,321,322,323,324,325,326,327,328,333,348,349,350,351,352,353,354,355,356,357,358,359,360,361,362,383,384,385,386,387,388,389,390,391,392,393,394,395,416,417,418,419,420,421,422,423,424,425,426,427,428,429,430,431,450,451,452,453,454,455,455,456,457,458,459,460,460,461,462,463,464,465,466,467,468,469,477,478,479,480,481,482,483,484,485,486,487,488,489,490,491,492,508,509,510,511,512,513,514,515,516,517,518,519,520,532,533,534,535,536,537,537,538,539,540,541,542,543,546,547,548,549,550,551,552,553,554,555,556,557,564,565,566,567,568,569,570,571,572,573,579,580,581,582,583,584,585,586,587,588,589,590,591,592,592,593,594,595,597,598,599,600,601,603,604,605,607,608,610,611,613,615,624,625,632,635,644,645,647,648,649,653,675,675,676,685,696,697,698,702,704,717,718,721,724,738,740,750,751,757,767,769,778,783
1445|168,182,350,353,421,453,556
1446|43,54,197,198,199,234,235,271,272,310,312,313,314,315,346,347,377,380,381,383,411,412,415,439,444,448,449,473,507,530,545,578,679
1447|269,471,537,653,658,678,686,687,700,715,749
1448|747
1450|7,11,34,86,225,226,435,500
1451|87,323
1452|46,142,220,236,244,248,327,344,359,417,439,483,550,586,590,603,633,634,649,653,669
1457|438,440,753,781
1458|5,47,66,281,296,422,426
1459|585,632,673,680,747,768,776,793,794
1460|498,523,793
1461|237,371,422,678,749
1463|23,125,365,495,504
1464|123,124,504,522,528
1466|7,39,40,57,90,94,148,167,173,174,175,207,253,257,319,325,328,351,416,434,491,501,520,546,579,582,771
1468|156,635,666,680,716,776
1471|15,34,35,69,86,128,179,186,216,258,287,333,455,465,479,481,529,613,629,696
1472|71,76,171,225,287,316,372,393,395,538,576
1473|171,320
1476|75,104,124,233,644,675
1478|79,228,459
1479|22,30,59,87,95,143,207,210,242,283,351,385,393,458,465,468,482,513,518
1480|627,639,664,689
1481|7,50,148,184,247,319
1482|35,41,48,86,108,120,139,153,158,171,220,285,286,292,297,313,320,333,415,455,463,525,539,589,594,680,695,747,768
1483|75,79,108,146,171,206,320,334,468
1484|2,12,33,113,171,174,209,251,280,284,320,354
1485|76,204,255,303,493,494,681,725
1486|316,345,414,447,617,657,701,734
1488|22,27,129,225,240,258,266,321,352,389,423,424,434,451,480,508,672,683,709,720,732,788
1489|7,50,79,148,285
1490|24,171,320,431,467,469,613
1491|540,669,675,701,777
1493|47,104,124,182,421,488,489
1494|171,320
1495|7,50,79,285
1498|23,30,51,89,110,325,326,351,353,430,450
1499|99,133,235,268,301,314,401,432,575
1500|39,47,146,171,244,310,344,358,359,409,441,555,576,591
1503|154,211,446,474
1504|87,361
1505|19,25,40,58,247,252,459,781
1506|19,167,176,510,648,661,782
1507|12,15,33,113,174,209,235,251,280,284,354,375,391,404,428,459,523
1508|37,75,126,148,391,421,425,489,781
1509|526,634,713,727,744
1510|7,50,58,92,109,152,247,318,428
1511|114,277
1512|21,58,75,126,234,287,361,395
1513|5,10,11,32,58,66,110,111,118,122,126,157,184,214,215,257,260,283,366,386,400,450,489,544,582,619,636,646,649,651,655,667,681,684,688,691,692,703,722,735,746,765,782
1514|152,176,328,425,509,510
1515|40,428,781
1516|15,21,287,361,395
1517|312,438,504
1518|37
1519|14
1520|92,114,277
1521|18,19,24,61,73,75,96,98,116,177,328,425,465,577,577,689
1522|0,12,15,33,113,171,174,182,202,209,251,280,284,320,343,354,634,781
1524|42,690
1525|37,79,92,176,459,510,606,612,626,663,745
1526|21,25,40,42,75,79,114,176,179,252,277,287,328,395,510,586
1527|42,75,126,152
1529|168
1531|479
1535|133,184,260,366,409,410,446,472,474
1536|12,33,70,111,114,151,172,209,240,277,387,390,451,488,516,577,628
1537|15,46,81,135,142,445,468,652,654
1538|7,24,58,68,88,102,111,132,147,246,389,426,553,562,565,644
1540|6,7,11,13,21,27,32,34,36,37,38,39,66,67,68,75,77,83,86,100,104,119,148,149,155,155,185,202,229,244,247,255,256,258,266,271,275,277,291,309,333,340,357,365,369,388,392,400,410,427,443,445,462,470,476,494,495,496,497,500,521,524,534,540,544,563,565,571,575,578,588,588,677,728
1541|641,717,763
1543|236,517
1544|2,18,164,180,187,191,224,260,261,298,299,300,330,332,396,397,402,410,440,449,473,503,526,559,574,673
1546|8,84,102,120,127,141,142,217,336,403,465,478,541,645,646,653,658,694,697,709,713,757,774,778
1547|551,564,584,590
1548|145
1549|34,128,248,327,333,342,359,365,455,460,483,504,528,550,590
1550|2,638,796
1551|569
1552|44,97,100,137,138,160,222,259,308,331,370,442
1555|25,174,736,760
1556|624
1557|0,2,8,17,18,23,28,41,51,52,53,60,61,62,65,67,72,73,76,80,81,82,82,85,96,97,98,99,105,116,130,133,135,153,155,161,162,163,177,178,179,180,181,182,190,192,193,194,211,212,213,225,226,227,228,229,234,246,254,264,265,266,267,268,269,288,289,290,300,301,302,303,304,305,306,329,330,337,338,339,340,341,343,364,368,373,374,378,396,397,404,405,432,433,434,435,496,497,498,499,500,521,524,542,574,782
1558|122,690,727
1559|16,125,134,142,201,270,300
1560|731
1562|2,147,353
1563|0,3,21,27,30,40,46,48,49,52,59,75,77,86,91,107,112,129,132,140,150,171,172,220,242,243,244,251,253,276,277,287,292,317,320,328,352,355,369,370,384,387,418,429,437,461,462,469,476,480,487,500,509,512,524,527,532,537,539,552,554,557,564,565,569,580,581,582,583,589,595,600,606,608,610,613,624
1564|45,49,71,115,318,427,453,497,533
1566|155,322
1567|166,342
1570|0,2,4,8,16,17,18,19,23,26,27,28,31,41,42,43,51,52,53,54,60,61,62,63,64,65,72,73,74,75,76,80,81,82,83,84,85,92,96,97,98,99,100,101,102,103,104,105,116,117,118,119,120,121,122,123,124,125,133,134,135,136,137,138,139,140,141,142,153,154,155,156,157,158,159,160,161,162,163,164,165,166,177,178,179,180,181,182,183,184,185,186,187,188,189,190,191,192,193,194,195,196,197,198,199,200,211,212,213,214,215,216,217,218,219,220,221,222,223,224,225,226,227,228,229,230,231,232,233,234,235,236,254,255,256,257,258,259,260,261,262,263,264,265,266,267,268,269,270,271,272,288,289,290,291,292,293,294,295,296,297,298,299,300,301,302,303,304,305,306,307,308,309,310,311,312,313,314,315,316,329,330,331,332,333,334,335,336,337,338,339,340,341,342,343,344,345,346,347,359,363,364,365,366,367,368,369,370,371,372,373,374,375,376,377,378,379,380,381,382,383,396,397,398,399,400,401,402,403,404,405,406,407,408,409,410,411,412,413,414,415,432,433,434,435,436,437,438,439,440,441,442,443,444,445,446,447,448,449,470,471,472,473,474,475,476,493,494,495,496,497,498,499,500,501,502,503,504,505,506,507,521,522,523,524,525,526,527,528,529,530,531,544,545,558,559,560,561,562,563,574,575,576,577,578
1571|130,181,440,494
1573|16,302,446,531,537
1575|30,59,95,351,468,482
1577|194,371,399,740,769
1580|8,37,69,90,115,120,136,139,171,185,189,209,237,238,248,255,256,271,272,275,282,284,286,327,358,359,360,362,366,380,394,398,400,403,410,411,412,416,418,422,443,467,470,474,475,489,490,491,494,505,519,520,539,541,547,555,557,564,569,571,572,573,580,586,591,594,595,600,608,611,615,624,648,661,703,782,786
1581|77,134,147
1582|37,43,204,348,503,549,566,606,650,711,764
1586|101,563
1587|623,688,739
1591|5,8,66,113,120,136,139,154,156,167,185,189,255,256,271,272,278,365,366,380,386,398,400,410,411,412,420,422,443,450,453,470,474,475,494,505,524,579
1592|327,491,596
1594|75,90,110,175,237,242,257,371,385,450,453,458,471,579,609,618,640,650,651,658,661,664,665,692,695,702,715,750
1595|41,118,135,164,178,198,290,307,309,315,330,342,347,364,376,377,379,381,382,406,407,409,413,414,419,437,438,440,441,442,445,448,501,502,504,525,526,528,529,544,559,561,563,564,571,576,593
1597|179,586
1599|5,31,44,48,57,65,75,91,106,140,160,173,176,183,185,255,256,259,271,273,293,297,331,344,346,352,354,369,370,453,462,470,476,493,510,514,525,527,583,600
1601|612,626,682
1603|5,35,458
1604|117
1606|70,148,193,211,420,488,748
1607|5,57,68,71,361,538,572
1608|61,193,198,315,364,433,548,553,681
1610|12,22,75,133,190,242,266,282,307,518,539,557,671,695,712
1614|481
1615|291
1616|17,234,288,289,290,574
1617|88,285,287,513,719
1618|15,29,65,69,87,143,161,167,174,280,325,361,362,461,463,481,497,512,556,569,571,681,701,703
1620|695
1621|13,24,32,58,66,220,262,431,538,565
1622|7
1623|130,181,612,627,746
1625|123,124,176,195,208,339,437,439,510,522,716
1626|71,127
1627|269,406,407,502,559,560
1628|43,90,118,151,153,159,166,169,182,183,236,312,316,345,387,414,436,531
1630|42,67,241,252,298,301,306,396,445,447,501,502,525,559,574,681
1633|561,662,737
1635|12,23,38,51,61,78,123,134,152,194,210,213,223,235,252,254,337,357,375,376,418,423,430,490,498,517,523,529,533,542,554,564,573,577,587,594,595,599,607,608,624
1636|221,286,360,361,390,391,545,578,580,626
1637|211
1639|160,439,646
1640|81,114,263,278,281,288,302,305,316,322,330,364,389,433,450,451,478,504,508,528,529,621,637,688,708,798
1641|21,29,38,46,68,172,179,226,391,419,461,513,515,611,699
1642|152,256,398,432,459,470,486,525,575
1644|164
1645|210,239,360,464,466,492,516,517,542,572,593,611
1646|539
1647|372,407,666,668,685,796
1648|43,197,198,212,310,315,329,346,347,377,383,412,415,449,473,545,578
1649|165,506
1650|665,775
1651|152,180,212,230,252,288,329,382,540
1652|70,88,144,145,200,460,509,547,632,657,676,695,701,740,782
1653|27,52,58,67,68,76,97,140,152,173,174,180,192,202,212,230,238,288,299,302,304,329,332,351,381,399,406,437,455,471,487,495,500,576,579,582,593
1655|248,570,642,656,673,674,678,711,735,764
1656|15,68,69,317,479,481,542
1657|11
1658|219,615,647
1660|98
1661|175,237,258,450,546,585,632,635,666,676,680,715,740,769,793
1666|729
1667|58,65,78,161
1668|62,97,127,130,260,362,371,391,443,474,639
1670|765
1671|195
1673|366,639,786
1675|306
1676|654,672,732
1678|596,617,618,625,627,648,650,671,677,704,705,726,729,771,783,784
1681|643,683,709,788
1689|695
1690|732
1691|535,580
1692|760
1695|38,53,79,132,162,229,247,341,417,499,513,602,642,670,752,768
1696|37,41,348,598
1697|4,104,120
1698|4,53,170,178,423,554,580,594
1700|0,182,191,201,286,441,544,729
1702|65,311,414,447,531,539,593
1703|52,169,178,395,584
1707|621,644,771,779
1708|79,206,250,451,508
1712|683
1713|28,53,65,85,105,161,162,163,192,193,194,225,226,227,228,229,246,264,265,266,267,268,269,289,301,302,303,304,305,306,337,338,339,340,341,373,374,404,405,435,497,498,499,500,521,524
1714|625,678,706,730,755,758
1715|3,30,39,40,41,45,47,59,62,72,78,89,133,163,174,180,187,190,212,213,214,232,237,238,267,273,303,319,337,386,432,524,537,546,549,566,582,603,626,633,634,635,651,653,655,659,660,666,669,680,715
1716|142
1723|729
1726|663
1728|2,28,42,199,215,276,355,374,391,465,496,512,514,532,714
1730|338
1731|0,2,4,8,16,17,18,19,23,28,31,41,42,43,51,52,53,54,60,61,62,63,64,65,72,73,74,75,76,80,81,82,83,84,85,96,97,98,99,100,101,102,103,104,105,116,117,118,119,120,121,122,123,124,125,133,134,135,136,137,138,139,140,141,142,153,154,155,156,157,158,159,160,161,162,163,164,165,166,177,178,179,180,181,182,183,184,185,186,187,188,189,190,191,192,193,194,195,196,197,198,199,211,212,213,214,215,216,217,218,219,220,221,222,223,224,225,226,227,228,229,230,231,232,233,234,235,236,243,254,255,256,257,258,259,260,261,262,263,264,265,266,267,268,269,270,271,272,288,289,290,291,292,293,294,295,296,297,298,299,300,301,302,303,304,305,306,307,308,309,310,311,312,313,314,315,316,328,329,330,331,332,333,334,335,336,337,338,339,340,341,342,343,344,345,346,347,363,364,365,366,367,368,369,370,371,372,373,374,375,376,377,378,379,380,381,382,383,396,397,398,399,400,401,402,403,404,405,406,407,408,409,410,411,412,413,414,415,432,433,434,435,436,437,438,439,440,441,442,443,444,445,446,447,448,449,470,471,472,473,474,475,476,493,494,495,496,497,498,499,500,501,502,503,504,505,506,507,521,522,523,524,525,526,527,528,529,530,531,544,545,558,559,560,561,562,563,574,575,576,577,578,602,616,633,642,652,670,674,699,703,723,744,781
1732|9,11,21,25,29,30,38,46,68,81,89,105,110,168,194,250,252,287,325,335,337,345,351,353,395,424,428,447,450,579,611,672
1733|92,110,388,486
1734|146,196,206,219,332,334,586
1735|10,29,40,46,148,168,238,296,352,356,362,365,393,408,484,538,555,718
1736|738
1739|24,25,30,46,95,106,114,208,210,238,356,457,458,468,482,483,490,512,513,518,543,550,555,594,601,607,626
1740|429
1742|297,614,756
1746|7,26,27,50,79,170,199,203,413,416,535,580,780
1748|122,620,639,640,690,728
1749|56,62,72,289,638,704
1750|257,263,434
1755|22,27,38,304,340
1757|204
1758|9,168,250
1762|27,76,97,174,299,332,415,425,543,576,579,582
1764|84,222
1769|211
1770|111
1771|736,783
1772|156,311,434,609,640,650,702,750
1776|11,16,19,185,223,236,260,317,364,371,398,400,414,433,434,446,493,545,621,644,675,679,750,761,779,799
1777|166,198,236,312,315,316,344,345,347,446,447,449,474,488,504,531,562,630,669,679,754,761,777,791
1778|4,53,135,152,177,178,227,275,299,384,397,413,537,678,783,784,786,790
1779|41,326,346,382,472,482,601
1780|733,751
1781|52,105,124,227,248,264,327,359,429,436,483,494,550,590,623,636,637,648,650,684,726,756,772,788
1783|479
1786|47,238,296,704
1789|14,20,25,32,45,110,126,201,228,252,323,349,357,388,392,427,456,485,513,549,634,721,722
1792|282,328,425,466,469,572,613
1793|2,24,35,49,55,88,112,173,200,201,202,220,248,273,297,360,394,429,463,483,489,490,509,514,519,520,552,569,573,587,589,590,592,599,600,604,606,620,640,646,647,649,660,664,718,736,767,768,775,776,779,781
1796|7,10,11,19,32,63,101,122,148,154,183,184,210,214,260,291,296,335,367,371,398,399,400,409,493,515,623,698
1797|39,40,80,289,319,490,546,554,587,607,643,704,709
1799|511
1804|73,111,157,211,217,218,231,303,304,436,553,665,775
1805|13,39,55,56,66,70,74,76,88,103,118,184,195,212,215,230,240,249,257,258,277,320,322,324,327,330,352,363,394,404,424,427,451,456,462,478,522,546,573,596,597,602,609,612,614,615,616,617,618,620,621,622,623,626,627,628,629,630,631,632,633,635,636,637,638,640,641,642,643,645,646,647,648,649,652,653,654,655,656,657,658,659,660,661,662,664,665,666,667,668,669,670,671,673,674,677,678,679,680,681,684,686,687,688,689,690,691,692,693,694,697,700,702,703,706,707,708,713,714,715,718,719,720,721,722,723,724,725,726,728,730,733,735,736,737,739,741,742,743,744,746,747,749,750,752,753,754,755,757,759,760,761,762,765,766,767,768,770,771,772,773,774,775,776,777,779,780,781,782,783,789,794,795,797,798
1808|484
1811|71,83,136,137,189,221,261,295,298,498
1812|196,263,335,597,753
1814|120,139,292
1816|81
1818|146,246,334,441,691
1820|106
1825|163,289
1827|749
1828|324,379,503,721
1829|4,16,23,27,28,43,46,54,57,73,74,77,80,83,85,96,105,108,117,118,131,135,141,144,149,159,161,162,164,165,166,170,177,181,192,193,194,195,196,197,198,213,214,217,218,225,226,227,228,229,230,231,232,234,235,236,240,246,268,269,270,272,295,301,303,305,306,307,308,309,312,314,315,316,334,337,338,340,342,343,344,346,347,348,355,364,366,367,369,373,375,376,377,378,379,380,381,382,383,387,404,406,407,408,410,411,412,413,414,420,433,434,436,438,440,441,442,443,444,445,446,448,449,470,472,473,474,475,476,485,487,497,501,502,504,505,507,522,524,525,526,527,528,529,531,534,535,536,544,550,551,559,560,561,562,563,564,565,566,574,576,577,578,581,603,605,610,611,708,731,787
1831|3,8,54,55,84,117,132,139,158,189,197,203,244,292,313,370,383,417,424,509,565,622,713,774
1833|232,295,329,360,361,390,391,514,563,580
1839|117
1840|31,93,278,279,551,718
1842|129,148,210,239,358,360,420,430,452,464,466,492,492,516,517,542,572,593,611
1843|610
1844|23,51,760
1846|288,302,445,526
1847|132,756
1850|6,10,91,107,305,328,359,406,428,469,512,515,583,686
1851|15,87,111,257,323,395,398,493,551,611
1854|43,73,83,118,157,159,187,191,224,300,309,402,652,692,723
1855|128,317,463,466,542
1856|429,769
1857|216
1859|129,239,317,452,557
1861|723,773,797
1865|194,309,403,708
1866|334,355,374,456,490,534,694,714
1867|623,650
1868|46,142,220,236,248,344,417,439,550,586,590,603,633,634,649,653,669
1869|481
1876|198,285,364,433,606
1881|240,644,675,689,799
1882|44,186
1884|596
1885|733,751
1891|214,266,527
1895|92
1896|228,350,467,605,610
1900|159,679,699,704
1902|103,194,309,403
1905|503
1906|677
1907|118,183,352
1909|617,643,709,749
1911|788
1914|10,287,377,448
1915|634
1916|242
1917|92,110,137,138,144,149,188,244,325,503,547,560,618,658,770
1918|17
1924|1,3,34,41,44,55,106,114,186,244,293,377,379,417,429,448,509,513,537,552,567
1925|37,242,518
1929|636,684,735,746,765,782
1932|64,100,119,137,156,304,415,427,439,505,598,625,677,679,734,761
1934|16,38,134,152,210,223,252,270,417,423,430,517,533,540,542,594,602,642,670,752
1935|1,3,47,79,108,129,170,176,191,237,239,240,317,339,352,365,393,452,506,510,557,589,708,716,797
1938|285,418,428,472,533,585
1939|9,13,23,24,49,50,51,58,68,88,102,107,111,115,123,130,132,147,172,185,206,243,250,255,256,263,271,335,339,346,369,426,429,470,493,527,553,562,565,644,688
1941|151,201,208,390,446,460,648,661,782
1942|354
1946|141,311,403
1951|222,271,411,444,798
1954|10,29,46,148,296,352
1955|4,5,8,38,41,46,53,63,83,84,85,86,97,110,132,136,149,159,201,214,222,223,226,229,233,247,251,257,294,307,308,335,340,372,373,388,405,413,419,420,438,443,461,499,513,515,521,534,562,581,602,645,670,671,680,696,697,699,712,725,744,752,778
1957|621,681,708
1958|672,794
1960|382,637
1962|200,453
1966|7,19,28,106,107,111,112,154,168,204,260,279,330,370,395,412,419,421,464,484,494,513,556,560,585,751
1970|361,386,493
1972|196,212,263,295,309,363,528,561
1973|215,259,296,357,363,371,399,459,512,676,780
1975|43,63,100,136,185,244,255,256,258,271,311,331,338,346,365,369,400,439,443,462,470,472,475,494,505,527,544,575,598,674,728
1976|30,59,62
1980|31,63,75,257,291,371,471,661,665
1981|448
1982|194
1983|763,792
1986|214,260,400,544
1987|658
1990|484
1993|321,548,570,629,643,682,684,689,709,726,753,760,785
1994|21,29,38,70,611,696
1996|45,126,172,189,294,313,318,427,505,594,596,602,609,612,614,615,616,617,618,620,621,622,623,626,627,628,629,630,631,632,633,635,636,637,638,639,640,641,642,643,644,645,646,647,648,649,652,653,654,655,656,657,658,659,660,661,662,664,665,666,667,668,669,670,671,673,674,677,678,679,680,681,684,686,687,688,689,690,691,692,694,697,699,701,702,703,706,707,708,713,714,715,717,718,719,720,721,722,723,724,725,726,728,730,733,735,736,737,738,739,741,742,743,744,746,747,749,750,752,753,754,755,757,759,760,761,762,763,765,766,767,768,770,771,772,773,774,775,776,777,778,779,780,781,782,783,789,794,795,797,798
1998|152,358,394,459,486,525,535
1999|49,50,115,130
2001|514
2003|142,201,438,440,753,781
2004|56,195,277,451
2005|23,34,44,51,121,128,186,223,261,293,317,463,466,542
2006|674
2007|85,229,420,509,567,640,673,674,715,792,793
2009|749
2010|362,780
2011|0,57,91,283,305,486,518,525,583
2012|131,367,453,622,631,632,643,659,679,726,772,773,774
2015|2,14,19,20,25,45,109,142,162,178,225,316,318,323,336,388,392,403,468,486,599,692
2018|36,64,81,89,92,105,119,147,152,194,208,216,228,286,319,337,456,477,518,549,566,587,616,780
2019|625
2020|662,737
2021|178
2023|568
2024|17,43,51,54,95,185,199,234,235,271,272,310,313,314,377,380,381,399,406,411,444,448,468,530,543,612,627,703,746
2025|359
2029|524
2030|1,3,5,6,7,9,10,11,12,13,14,15,20,21,22,24,25,26,27,29,30,32,33,34,35,36,37,38,39,40,44,45,46,47,48,49,50,55,56,57,58,59,66,67,68,69,70,71,77,78,79,86,87,88,89,90,91,92,93,94,95,106,107,108,109,110,111,112,113,114,115,126,127,128,129,130,131,132,143,144,145,146,147,148,149,150,151,152,163,167,168,169,170,171,172,173,174,175,176,186,200,201,202,203,204,205,206,207,208,209,210,237,238,239,240,241,242,243,244,245,246,247,248,249,250,251,252,253,273,274,275,276,277,278,279,280,281,282,283,284,285,286,287,289,293,294,317,318,319,320,321,322,323,324,325,326,327,328,330,348,349,350,351,352,353,354,355,356,357,358,359,360,361,362,384,385,386,387,388,389,390,391,392,393,394,395,416,417,418,419,420,421,422,423,424,425,426,427,428,429,430,431,434,450,451,452,453,454,455,456,457,458,459,460,461,462,463,464,465,466,467,468,469,477,478,479,480,481,482,483,484,485,486,487,488,489,490,491,492,508,509,510,511,512,513,514,515,516,517,518,519,520,522,532,533,534,535,536,537,538,539,540,541,542,543,546,547,548,549,550,551,552,553,554,555,556,557,564,565,566,567,568,569,570,571,572,573,579,580,581,582,583,584,585,586,587,588,589,590,591,592,593,594,595,597,598,599,600,601,603,604,605,607,608,610,611,613,624,730,746
2036|627,745
2038|7,12,34,41,44,56,108,165,186,227,251,293,311,335,340,350,353,481
2044|151,387
2046|658,708,731,752,773,787,789