200|0|1|游戏时手机发烫缓解
201|0|1|充电到百分之百的讲究
202|0|1|手机防丢日常习惯
203|0|1|电脑静音快捷键操作
204|0|1|电脑软件彻底卸载
205|0|1|重启电脑解决小问题
206|0|1|手机重启的正确方法
207|0|1|路由器重启恢复网速
208|0|1|手机传照片到电脑
209|0|1|公共WiFi安全使用
210|0|1|数据恢复骗局识别
211|0|0|口诀歌诀助记方法
212|0|0|自测回忆强化记忆
213|0|0|化学知识记忆技巧
214|0|0|任务分解执行技巧
215|0|0|微习惯积累学习法
216|0|0|通勤时间碎片学习
217|0|0|白噪音助专注技巧
218|0|0|轻音乐助专注技巧
219|0|0|正念呼吸专注练习
220|0|0|学习灯光护眼设置
221|0|0|睡眠保证专注状态
222|0|0|二十五分钟专注法
223|0|0|学习干扰源识别法
224|0|0|视觉专注训练方法
225|0|0|页边空白补充技巧
226|0|0|双栏笔记布局技巧
227|0|0|打字笔记使用技巧
228|0|0|拍照存档笔记技巧
229|0|0|笔记色彩分区技巧
230|0|0|主动回忆运用技巧
231|0|0|学习小组组建技巧
232|0|0|情景学习运用技巧
233|0|0|各科时间均衡分配
234|0|0|考前公式记忆技巧
235|0|0|考前框架梳理技巧
236|0|0|选择题答题技巧法
237|0|1|电池不耐用的原因
238|0|1|充电线破损更换提醒
239|0|1|垃圾短信拦截方法
240|0|1|手机长截图使用技巧
241|0|1|电脑蓝屏代码解读
242|0|1|电脑回收站清理还原
243|0|1|电脑录屏方法介绍
244|0|1|电脑电源计划设置
245|0|1|电脑网络重置方法
246|0|1|电脑触摸板手势技巧
247|0|1|电脑硬盘分区方法
248|0|1|电脑安全软件选择
249|0|1|手机亮屏时间调整
250|0|1|电脑死机强制重启
251|0|1|手机热点打不开处理
252|0|1|手机存储卡读取失败
253|0|1|跨设备传文件方法
254|0|0|地理知识记忆方法
255|0|0|学习计划制定方法
256|0|0|每周计划制定方法
257|0|0|两分钟原则处理小事
258|0|0|学习计划弹性调整
259|0|0|固定时段养成习惯
260|0|0|单任务执行训练法
261|0|0|深度工作状态训练
262|0|0|工作台收纳布置法
263|0|0|即时奖励激励学习
264|0|0|电子笔记工具使用
265|0|0|笔记日期标注习惯
266|0|0|活页本整理笔记法
267|0|0|结构化笔记记录法
268|0|0|笔记复盘巩固技巧
269|0|0|课堂笔记记录技巧
270|0|0|以教促学运用技巧
271|0|0|考前复习计划制定
272|0|0|考前睡眠保障技巧
273|0|1|电脑定期清理维护
274|0|1|电脑开机黑屏处理
275|0|1|电脑字体安装方法
276|0|1|电脑时间不准处理
277|0|1|电脑外设连接管理
278|0|1|手机投屏失败的排查
279|0|1|手机投屏电视方法
280|0|1|路由器信号差处理
281|0|1|手机充不进电应急
282|0|1|手机应用装不上处理
283|0|1|手机桌面图标消失恢复
284|0|1|公共WiFi安全风险
285|0|1|手机越狱风险说明
286|0|1|身份证照片泄露风险
287|0|1|手机eSIM使用说明
288|0|0|关键词提取记忆法
289|0|0|抄写记忆加深印象
290|0|0|公式记忆实用方法
291|0|0|三只青蛙任务管理
292|0|0|学习休息间隔设置
293|0|0|手机学习模式开启
294|0|0|手机隔离专注学习
295|0|0|心流状态进入技巧
296|0|0|减少任务切换损失
297|0|0|定时护眼休息方法
298|0|0|阅读专注训练方法
299|0|0|书写练习提升专注
300|0|0|听觉专注训练方法
301|0|0|笔记复习巩固技巧
302|0|0|关键词提炼笔记法
303|0|0|图表辅助笔记技巧
304|0|0|便利贴辅助记忆法
305|0|0|笔记搜索使用技巧
306|0|0|文献笔记整理技巧
307|0|0|错题分析实施技巧
308|0|0|间隔学习运用技巧
309|0|0|自主学习实施技巧
310|0|0|考前饮食注意事项
311|0|0|草稿纸规范使用法
312|0|0|考后不对答案技巧
313|0|0|考前生物钟调整法
314|0|0|考前错题回顾技巧
315|0|0|语文答题实用技巧
316|0|0|填空题答题技巧法
317|0|1|骚扰电话拦截设置
318|0|1|C盘空间不足处理
319|0|1|电脑磁盘碎片整理
320|0|1|电脑自动更新设置
321|0|1|手机音量异常处理
322|0|1|充电充不进去处理
323|0|1|手机内存不足怎么办
324|0|1|手机自动关机处理
325|0|1|手机网络信号满格卡顿
326|0|1|二手手机买卖避坑
327|0|1|移动电源选购与使用
328|0|1|手机紧急求救设置
329|0|0|默写回忆检验效果
330|0|0|动作记忆反复训练
331|0|0|时间盒固定时段法
332|0|0|正念冥想提升专注
333|0|0|屏蔽通知专注学习
334|0|0|学习正确坐姿技巧
335|0|0|学习积分激励制度
336|0|0|环境整洁促进专注
337|0|0|卡片笔记记录技巧
338|0|0|荧光笔标重点技巧
339|0|0|笔记索引目录制作
340|0|0|笔记标签管理技巧
341|0|0|笔记总结区写作法
342|0|0|讨论学习实施技巧
343|0|0|遗忘曲线使用技巧
344|0|0|多选题的答题技巧
345|0|0|答题卡核对工作法
346|0|0|考试策略制定技巧
347|0|0|数学答题实用技巧
348|0|1|电脑压缩文件技巧
349|0|1|电脑清理缓存垃圾
350|0|1|手机相机打不开处理
351|0|1|手机卡顿恢复出厂
352|0|1|手机横竖屏切换失灵
353|0|1|手机应用商店打不开
354|0|1|手机网络断流处理
355|0|1|多设备云盘同步技巧
356|0|1|手机整机备份方法
357|0|1|密码管理工具使用
358|0|1|扫码安全注意事项
359|0|1|充电器选购注意事项
360|0|1|手机验证码安全防护
361|0|1|手机串号查询验证
362|0|1|手机号码二次放号风险
363|0|0|生成式回忆练习法
364|0|0|单词记忆实用技巧
365|0|0|截止日期倒推规划
366|0|0|要事优先安排技巧
367|0|0|任务批量处理技巧
368|0|0|时间日志记录复盘
369|0|0|年度目标设定技巧
370|0|0|阶段里程碑设定法
371|0|0|一次一事专注原则
372|0|0|学习及时补充水分
373|0|0|大纲层级笔记技巧
374|0|0|笔记云同步使用法
375|0|0|知识框架构建技巧
376|0|0|总结归纳实施技巧
377|0|0|模拟考试实施技巧
378|0|0|学习日志记录技巧
379|0|0|专题学习实施技巧
380|0|0|考前一天准备技巧
381|0|0|考场踩点实施技巧
382|0|0|跳题策略实施技巧
383|0|0|考中心态调节技巧
384|0|1|电脑字体和显示缩放
385|0|1|电脑系统还原点使用
386|0|1|电脑桌面图标整理
387|0|1|蓝牙耳机连接技巧
388|0|1|手机存储空间管理
389|0|1|手机屏幕失灵处理
390|0|1|手机接收验证码慢
391|0|1|两步验证开启方法
392|0|1|清理应用缓存方法
393|0|1|手机电池更换时机
394|0|1|支付安全防护要点
395|0|1|手机丢失挂失流程
396|0|0|听觉记忆训练方法
397|0|0|数字记忆训练方法
398|0|0|每日待办清单安排
399|0|0|提早完成任务习惯