400|0|0|清晨任务清单执行
401|0|0|晚间复盘当日学习
402|0|0|注意力集中训练法
403|0|0|书房专注学习环境
404|0|0|框架笔记使用技巧
405|0|0|渐进式笔记运用法
406|0|0|课前预习实施技巧
407|0|0|课后复习实施技巧
408|0|0|科目轮换学习技巧
409|0|0|项目式学习实施法
410|0|0|限时训练安排技巧
411|0|0|考前一周安排技巧
412|0|0|考试当天准备技巧
413|0|0|卷面书写实施技巧
414|0|0|单位检查实施技巧
415|0|0|考试中场休息利用
416|0|1|电脑快速锁屏方法
417|0|1|电脑休眠与睡眠区别
418|0|1|电脑密码修改方法
419|0|1|电脑多开软件方法
420|0|1|电脑分屏操作技巧
421|0|1|App闪退的解决方法
422|0|1|手机掉电太快排查
423|0|1|手机指纹识别失败
424|0|1|手机屏幕亮度失灵
425|0|1|手机系统更新失败
426|0|1|视频流量消耗控制
427|0|1|云盘免费容量利用
428|0|1|手机NFC功能使用
429|0|1|手机儿童模式设置
430|0|1|手机二手购买风险
431|0|1|手机应用后台录音风险
432|0|0|每日复盘强化记忆
433|0|0|英语单词记忆方法
434|0|0|灵感捕捉记录技巧
435|0|0|笔记摘要栏运用法
436|0|0|同侪互助学习技巧
437|0|0|提问式学习实施法
438|0|0|案例学习运用技巧
439|0|0|参考书使用规划法
440|0|0|真题演练实施技巧
441|0|0|强科保持实施技巧
442|0|0|学习复盘实施技巧
443|0|0|间隔复习安排技巧
444|0|0|考前三天复习技巧
445|0|0|审题方法实施技巧
446|0|0|先易后难做题技巧
447|0|0|答题卡填涂要规范
448|0|0|考前模拟演练技巧
449|0|0|应试技巧训练方法
450|0|1|手机卡顿原因排查
451|0|1|电脑键盘失灵处理
452|0|1|电脑弹窗广告清理
453|0|1|特定应用闪退排查
454|0|1|手机摔落检查方法
455|0|1|手机通知不响处理
456|0|1|云盘备份手机照片
457|0|1|电脑重要文件备份
458|0|1|备份恢复方法详解
459|0|1|扫描文档成PDF
460|0|1|电脑传文件到手机
461|0|1|手机双开应用使用
462|0|1|手机定时开关机设置
463|0|1|手机号泄露处理方法
464|0|1|手机屏幕共享风险
465|0|1|手机通讯录备份防丢
466|0|1|手机垃圾短信举报
467|0|1|手机摄像头权限风险
468|0|1|手机恢复出厂后检查
469|0|1|手机屏幕防窥设置
470|0|0|月度计划制定技巧
471|0|0|咖啡提神适量原则
472|0|0|刷题策略规划技巧
473|0|0|互测互考训练技巧
474|0|0|答题顺序安排技巧
475|0|0|作文时间安排技巧
476|0|0|合理期望设定技巧
477|0|1|电脑风扇噪音处理
478|0|1|手机自动重启问题
479|0|1|手机听筒声音太小
480|0|1|手机闹钟不响处理
481|0|1|手机电话打不通处理
482|0|1|二手手机清数据出售
483|0|1|数码配件选购要点
484|0|1|手机以旧换新流程
485|0|1|手机省流量看视频
486|0|1|手机清理大文件方法
487|0|1|手机闹钟多设提醒
488|0|1|手机耳机孔清理方法
489|0|1|手机银行使用安全
490|0|1|手机云端数据加密
491|0|1|手机共享充电宝安全
492|0|1|手机不明弹窗处理
493|0|0|任务清单制定方法
494|0|0|电子日程表管理法
495|0|0|计时器专注学习法
496|0|0|错题本整理三步法
497|0|0|笔记编号整理技巧
498|0|0|树状结构梳理知识
499|0|0|康奈尔笔记复习法
500|0|0|笔记提问栏设计法
501|0|0|略读学习实施技巧
502|0|0|教材阅读实施技巧
503|0|0|拔高题突破训练法
504|0|0|逆向学习实施技巧
505|0|0|剩余时间利用技巧
506|0|0|减少比较专注自己
507|0|0|考场作文写作技巧
508|0|1|手机按键失灵处理
509|0|1|手机屏幕发黄设置
510|0|1|手机导航定位偏移
511|0|1|手机进水应急处理
512|0|1|手机同步失败处理
513|0|1|手机双清操作说明
514|0|1|二手手机验机方法
515|0|1|手机分屏多任务使用
516|0|1|不明链接点击风险
517|0|1|短信钓鱼诈骗识别
518|0|1|手机恢复数据方法
519|0|1|整晚充电是否安全
520|0|1|手机借给他人风险
521|0|0|分科笔记本管理法
522|0|0|手绘思维导图技巧
523|0|0|知识树梳理知识法
524|0|0|笔记排版美化技巧
525|0|0|扫描阅读实施技巧
526|0|0|基础巩固实施技巧
527|0|0|学习目标制定技巧
528|0|0|学习反思实施技巧
529|0|0|迁移学习实施技巧
530|0|0|深呼吸缓解紧张法
531|0|0|简答题答题技巧法
532|0|1|手机时间不准处理
533|0|1|手机面部识别失败
534|0|1|云盘文件管理技巧
535|0|1|扫码支付操作技巧
536|0|1|无线充电使用技巧
537|0|1|手机长辈模式设置
538|0|1|手机回收价值查询
539|0|1|手机社交隐私设置
540|0|1|手机应用索取权限辨别
541|0|1|手机安全充电位置
542|0|1|手机陌生来电识别
543|0|1|手机系统更新前备份
544|0|0|学习计划落实技巧
545|0|0|考试用品准备清单
546|0|1|电脑开机速度变慢
547|0|1|手机充电发热发烫
548|0|1|手机扬声器没声音
549|0|1|手机照片压缩保存
550|0|1|手机数据线选购技巧
551|0|1|手机投屏开会技巧
552|0|1|手机护眼模式设置
553|0|1|手机语音助手使用
554|0|1|手机应用锁设置方法
555|0|1|手机克隆换机安全
556|0|1|手机账号退出流程
557|0|1|手机短信拦截风险
558|0|0|四七八呼吸放松法
559|0|0|精读学习实施技巧
560|0|0|网课学习高效技巧
561|0|0|学习自评实施技巧
562|0|0|答题时间分配技巧
563|0|0|计算检查实施技巧
564|0|1|强密码设置实用技巧
565|0|1|手机省流量设置技巧
566|0|1|图片流量压缩技巧
567|0|1|手机深色模式使用
568|0|1|手机屏幕清洁方法
569|0|1|手机账号防盗措施
570|0|1|手机病毒查杀方法
571|0|1|手机号注册账号管理
572|0|1|手机查询征信安全
573|0|1|手机屏幕使用密码保护
574|0|0|朗读记忆训练技巧
575|0|0|每周回顾复盘计划
576|0|0|弱科补强实施技巧
577|0|0|知识串联运用技巧
578|0|0|考试证件准备技巧
579|0|1|网络慢的原因排查
580|0|1|手机指纹支付设置
581|0|1|手机热点分享技巧
582|0|1|手机系统流畅优化
583|0|1|手机防盗定位设置
584|0|1|手机收纳携带建议
585|0|1|手机刷机风险与准备
586|0|1|手机应用商店选择
587|0|1|手机相册加密保护
588|0|1|手机屏幕使用时间管理
589|0|1|手机信息防截屏设置
590|0|1|手机保护壳选购建议
591|0|1|充电安全注意事项
592|0|1|手机维修隐私保护
593|0|1|手机防诈骗实用提醒
594|0|1|手机指纹数据安全
595|0|1|手机锁屏密码设置
596|0|2|大熊猫
597|0|1|手机屏幕闪烁处理
598|0|1|夜间流量闲时利用
599|0|1|手机隐私空间使用