600|0|1|手机定位安全设置
601|0|1|手机数据三重备份
602|0|2|动物与植物区别
603|0|1|手机贴膜选择与贴法
604|0|1|手机防尘防潮保养
605|0|1|手机拍照技巧入门
606|0|2|霸王龙
607|0|1|手机数据加密方法
608|0|1|手机支付免密设置
609|0|2|非洲草原象
610|0|1|手机拍摄视频技巧
611|0|1|手机双卡防诈骗技巧
612|0|2|恐龙
613|0|1|手机锁屏通知防窥
614|0|2|人兽共患病概念
615|0|2|野生动物观察
616|0|2|动物纪录片科学性
617|0|2|小熊猫
618|0|2|雪豹
619|0|2|座头鲸跃出水面
620|0|2|濒危动物保护
621|0|2|动物非法贸易
622|0|2|昆虫特点
623|0|2|杂交动物概念
624|0|1|手机邮箱安全设置
625|0|2|东北虎
626|0|2|动物化石
627|0|2|剑齿虎
628|0|2|野生动物疾病风险
629|0|2|河马
630|0|2|海绵动物
631|0|2|哺乳动物特点
632|0|2|两栖动物特点
633|0|2|动物进化概念
634|0|2|自然选择基础
635|0|2|动物迁徙与气候
636|0|2|蛇的感知方式
637|0|2|长颈鹿
638|0|2|科莫多巨蜥
639|0|2|第六次大灭绝概念
640|0|2|动物保护红色名录
641|0|2|宠物弃养风险
642|0|2|动物毒素区别
643|0|2|马达加斯加特有动物
644|0|2|捕食者控制猎物
645|0|2|分解者与动物
646|0|2|动物保护公众参与
647|0|2|负责任生态旅游
648|0|2|遇到大型猫科动物
649|0|2|动物保护与个人选择
650|0|2|非洲狮
651|0|2|企鹅不会飞原因
652|0|2|动物智力
653|0|2|动物适应环境
654|0|2|动物工具使用
655|0|2|鲸类文化概念
656|0|2|动物毒液作用
657|0|2|生物发光动物
658|0|2|高原动物适应
659|0|2|岛屿动物演化
660|0|2|野化放归
661|0|2|遇到野兽原则
662|0|2|扁形动物
663|0|2|迅猛龙
664|0|2|动物灭绝原因
665|0|2|受伤鸟类救助原则
666|0|2|珊瑚白化影响动物
667|0|2|动物睡眠
668|0|2|珊瑚礁动物多样性
669|0|2|性选择概念
670|0|2|俗名与学名区别
671|0|2|小熊猫浣熊科误称
672|0|2|倭黑猩猩
673|0|2|箭毒蛙
674|0|2|警戒色
675|0|2|顶级捕食者
676|0|2|变态发育
677|0|2|流浪动物管理
678|0|2|极地动物适应
679|0|2|澳大利亚特有动物
680|0|2|动物与气候变化
681|0|2|动物表情解读
682|0|2|野马
683|0|2|日本猕猴
684|0|2|鳄鱼
685|0|2|珊瑚
686|0|2|巨嘴鸟喙功能
687|0|2|动物冬眠
688|0|2|动物育幼行为
689|0|2|袋狼
690|0|2|海洋塑料危害动物
691|0|2|动物群居优势
692|0|2|鸟类飞行原理
693|0|2|鱼类游泳方式
694|0|2|深海动物
695|0|2|鮟鱇鱼
696|0|2|蚯蚓改良土壤
697|0|2|动物尸体分解者
698|0|2|秃鹫生态价值
699|0|2|科学命名双名法
700|0|2|啄木鸟减震结构
701|0|2|萤火虫发光求偶
702|0|2|食草动物作用
703|0|2|动物攻击前信号
704|0|2|孟加拉虎
705|0|2|美洲豹
706|0|2|北极熊
707|0|2|大象
708|0|2|爪哇犀
709|0|2|环尾狐猴
710|0|2|湾鳄
711|0|2|眼镜王蛇
712|0|2|鲶鲨误称澄清
713|0|2|水蛭
714|0|2|水熊虫
715|0|2|变色动物原理
716|0|2|候鸟迁徙导航
717|0|2|外来宠物放生风险
718|0|2|禁止野生动物投喂
719|0|2|海洋动物搁浅
720|0|2|渔网缠绕动物
721|0|2|动物与人类共存
722|0|2|动物储存食物
723|0|2|章鱼学习能力
724|0|2|雨林动物多样性
725|0|2|海洋动物分层
726|0|2|中国特有动物
727|0|2|臭虫吸血习性
728|0|2|濒危物种繁育
729|0|2|猞猁
730|0|2|浣熊
731|0|2|白犀牛
732|0|2|黑猩猩
733|0|2|河狸
734|0|2|鹤鸵
735|0|2|蛇
736|0|2|中华鲟
737|0|2|绦虫
738|0|2|关键种
739|0|2|胎生动物
740|0|2|昆虫完全变态
741|0|2|动物蜕皮
742|0|2|最大动物蓝鲸
743|0|2|最大鱼类鲸鲨
744|0|2|动物分类基础
745|0|2|剑龙
746|0|2|翼龙
747|0|2|森林砍伐影响动物
748|0|2|深海巨口鱼
749|0|2|沙漠动物适应
750|0|2|草原动物生态
751|0|2|河狸筑坝生态
752|0|2|牛角与鹿角区别
753|0|2|斑马条纹作用
754|0|2|鲸类吹气孔
755|0|2|臭鼬防御
756|0|2|蚊媒疾病概念
757|0|2|动物碳循环
758|0|2|美洲黑熊
759|0|2|非洲森林象
760|0|2|家马
761|0|2|鸭嘴兽
762|0|2|海豹
763|0|2|鹦鹉
764|0|2|眼镜蛇
765|0|2|鬣蜥
766|0|2|藤壶
767|0|2|生物多样性
768|0|2|自然保护区
769|0|2|昆虫不完全变态
770|0|2|最高陆生动物长颈鹿
771|0|2|最快陆生动物猎豹
772|0|2|蛛形动物特点
773|0|2|软体动物特点
774|0|2|环节动物特点
775|0|2|野生动物救助
776|0|2|湿地保护动物
777|0|2|动物求偶展示
778|0|2|白蚁分解木材
779|0|2|动物保护法律意义
780|0|2|穿山甲蜷缩防御
781|0|2|动物DNA研究
782|0|2|野外发现蛇类
783|0|2|华南虎
784|0|2|虎猫
785|0|2|马来熊
786|0|2|眼镜熊
787|0|2|黑犀牛
788|0|2|狒狒
789|0|2|海牛
790|0|2|企鹅
791|0|2|孔雀
792|0|2|金刚鹦鹉
793|0|2|变色龙
794|0|2|大鲵
795|0|2|鲸鲨
796|0|2|小丑鱼
797|0|2|章鱼
798|0|2|水母
799|0|2|狼蛛