0|0|0|艾宾浩斯遗忘曲线应用
1|0|1|低电量模式开启方法
2|0|0|记忆宫殿法训练步骤
3|0|1|手机省电模式设置
4|0|0|番茄工作法使用指南
5|0|1|查看耗电排行定位耗电
6|0|1|应用冻结功能使用
7|0|1|任务管理器快速打开
8|0|0|间隔重复复习安排法
9|0|1|电脑死机处理方法
10|0|1|电脑多桌面功能使用
11|0|1|电脑任务栏卡住处理
12|0|1|手机连不上WiFi处理
13|0|1|限制应用后台自启
14|0|1|微信存储空间瘦身
15|0|1|室内信号增强办法
16|0|0|费曼学习法讲解技巧
17|0|0|睡前记忆巩固小妙招
18|0|0|图像记忆联想训练
19|0|0|GTD全流程收集整理法
20|0|1|清理手机缓存垃圾
21|0|1|双卡双待设置方法
22|0|1|电脑浏览器恢复关闭标签
23|0|0|倒摄抑制规避技巧
24|0|1|后台流量偷跑防护
25|0|1|应用数据迁移释放空间
26|0|1|电脑常用快捷键大全
27|0|1|浏览器技巧提升效率
28|0|0|五步笔记流程技巧
29|0|1|双卡信号切换问题
30|0|1|恢复出厂设置解决卡顿
31|0|0|二八法则学习应用
32|0|1|清理后台运行应用
33|0|1|电脑WiFi连不上处理
34|0|1|关闭不必要通知省电
35|0|1|锁屏通知隐私保护
36|0|1|照片视频整理转移
37|0|1|清理大文件与安装包
38|0|1|双卡来电区分管理
39|0|1|电脑开机启动项管理
40|0|1|电脑DNS设置优化
41|0|0|组块化记忆实用策略
42|0|0|SQ3R五步阅读法
43|0|0|考前紧张应对技巧
44|0|1|免打扰模式定时开启
45|0|1|存储空间不足处理
46|0|1|双卡流量分配技巧
47|0|1|电池损耗注意事项
48|0|1|定位权限精细设置
49|0|1|剪贴板隐私保护设置
50|0|1|电脑快捷键复制粘贴
51|0|0|前摄抑制规避方法
52|0|0|记忆钩子设置方法
53|0|0|康奈尔笔记使用指南
54|0|0|考前心态调节技巧
55|0|1|屏幕亮度自动调节
56|0|1|打印机连不上电脑解决
57|0|1|文件快速搜索方法
58|0|1|电脑命令行常用命令
59|0|1|路由器恢复出厂设置
60|0|0|过度学习巩固记忆法
61|0|0|语义网络搭建知识
62|0|0|首因效应记忆运用
63|0|0|四象限任务划分法
64|0|0|碎片时间学习利用
65|0|0|笔记符号使用规范
66|0|1|后台应用耗电管理
67|0|1|关闭应用角标红点
68|0|1|双卡话费套餐管理
69|0|1|通话信号差改善方法
70|0|1|充电口接触不良发热
71|0|1|电池健康度查询方法
72|0|0|近因效应巩固记忆
73|0|0|情绪助力记忆技巧
74|0|0|预留缓冲时间技巧
75|0|0|SMART目标设定法
76|0|0|运动提升专注表现
77|0|1|应用权限管理技巧
78|0|1|广告跟踪关闭方法
79|0|1|电脑截图快捷键使用
80|0|0|精细加工记忆技巧
81|0|0|抽认卡片反复练习
82|0|0|情景再现回忆练习
83|0|0|精力分配管理技巧
84|0|0|九十分钟学习周期
85|0|0|彩色标记笔记技巧
86|0|1|通知栏信息分类管理
87|0|1|手机没有信号怎么办
88|0|1|手机发热自动降频说明
89|0|1|系统卡顿深度清理
90|0|1|快充对电池的影响
91|0|1|查找手机功能设置
92|0|1|电脑CPU占用过高
93|0|1|电脑投屏大屏幕方法
94|0|1|电脑文件搜索工具
95|0|1|恢复出厂前数据备份
96|0|0|谐音记忆趣味技巧
97|0|0|分散学习提升记忆
98|0|0|故事串联记忆学习法
99|0|0|晨起复习唤醒记忆
100|0|0|早起利用黄金时段
101|0|0|学习任务时间估算
102|0|0|学习环境噪音控制
103|0|0|建立学习专注仪式
104|0|0|专注计时软件使用
105|0|0|卡片盒笔记使用技巧
106|0|1|远程锁定清除手机数据
107|0|1|手机录屏功能使用
108|0|1|截图中隐私信息处理
109|0|1|磁盘清理释放空间
110|0|1|电脑内存占用过高
111|0|1|电脑远程桌面连接
112|0|1|电脑屏保设置方法
113|0|1|路由器连不上WiFi排查
114|0|1|手机数据线连电脑没反应
115|0|1|手机剪贴板安全风险
116|0|0|联想记忆法使用要点
117|0|0|复习时机把握技巧
118|0|0|拖延症克服实用技巧
119|0|0|碎片时间盘点利用
120|0|0|专注休息循环安排
121|0|0|断网隔离干扰学习
122|0|0|多任务处理危害了解
123|0|0|思维导图制作方法
124|0|0|思维导图软件使用
125|0|0|输出倒逼输入学习
126|0|1|手机内存不足处理
127|0|1|充电次数与电池寿命
128|0|1|应用通知广告关闭
129|0|1|浏览器广告弹窗拦截
130|0|1|剪贴板历史记录使用
131|0|1|电脑文件批量重命名
132|0|1|媒体音量与铃声音量区分
133|0|0|错题记忆强化做法
134|0|0|教授他人巩固知识
135|0|0|人名记忆实用技巧
136|0|0|时间块专注安排法
137|0|0|黄金时段高效利用
138|0|0|深度工作学习时段
139|0|0|学习休息节奏安排
140|0|0|闹钟定时学习提醒
141|0|0|学习环境布置技巧
142|0|0|自习室选择有讲究
143|0|1|手机信号差处理方法
144|0|1|手机发热处理方法
145|0|1|边充边玩发热注意
146|0|1|充电正确姿势习惯
147|0|1|照片访问权限控制
148|0|1|多任务窗口快速切换
149|0|1|文件管理高效技巧
150|0|1|电脑文件共享设置
151|0|1|蓝牙连不上解决方法
152|0|1|OCR文字提取方法
153|0|0|睡眠对记忆的作用
154|0|0|学习任务优先级排序
155|0|0|时间审计记录方法
156|0|0|排队等待时间利用
157|0|0|书桌整洁助力专注
158|0|0|间隙微休息调节法
159|0|0|走神拉回专注技巧
160|0|0|时间锚点固定学习
161|0|0|符号标注重点技巧
162|0|0|笔记留白处理技巧
163|0|0|手写笔记强化记忆
164|0|0|交错练习实施技巧
165|0|0|类比学习运用技巧
166|0|0|论述题答题技巧法
167|0|1|信号满格网速慢排查
168|0|1|应用卡死无响应处理
169|0|1|手机丢失后的处理
170|0|1|手机截图快捷方法
171|0|1|系统更新注意事项
172|0|1|电脑双屏显示设置
173|0|1|路由器定期重启好处
174|0|1|家里WiFi网速提升
175|0|1|手机充电慢的原因
176|0|1|手机定位不准处理
177|0|0|数字编码记忆技巧
178|0|0|位置记忆法实操指南
179|0|0|双通道编码记忆法
180|0|0|提取练习强化记忆
181|0|0|历史时间记忆技巧
182|0|0|记忆衰退规律应对
183|0|0|帕金森定律应对法
184|0|0|先啃硬骨头任务法
185|0|0|睡前制定明日计划
186|0|0|手机勿扰模式开启
187|0|0|注意力肌肉训练法
188|0|0|图书馆自习高效法
189|0|0|超日节律安排学习
190|0|0|学习进度可视化法
191|0|0|注意力保持训练法
192|0|0|提纲笔记构建技巧
193|0|0|语音笔记记录技巧
194|0|0|永久笔记创作技巧
195|0|0|兴趣驱动学习技巧
196|0|0|积极自我暗示技巧
197|0|0|考后心态调整技巧
198|0|0|英语答题实用技巧
199|0|0|交卷前检查三步法