2|212
6|4,5,299
10|375,465
13|367,746
21|67,119,400,437,449,560,661
24|347
25|746
27|125,126,162,163,177,178,179,281,364
28|66,237,245,254,258,315,346,376,414,665,746
31|685
33|160,492,545,775,798
34|59,127,134,174,297,315,358,429,449,492,493,503,533,629,665
42|181
44|282
46|304,536
47|142,629
50|97,746
53|314
57|25,130,309,454,657
58|242
62|307,309,314,343,352,438,621,743
64|12,26,45,51,55,60,68,124,130,180,230,250,313,314,380,441,577,604,606,673,746,771
66|158,241,425,792
67|96,107,164,284,315,379,451,553
68|792
69|116,117,138,365,562,629,692,763
71|695
74|97,276,332,490,520,654,656,690,705,710,746,781
75|114,164,189,226,231,236,338,474,530,679
76|20,106,611
77|21,62,112,283,315,406,437,660,678,712,735,770,780,796
80|296,350
81|4,247,253,611
82|37,456,627
83|64,116,122,152,229,496,728,746,754,757
84|77,130,236,613
87|380,454,461,628
91|387
92|50,118
94|96,99,217,454,464,514,613
96|146,352,485,606,679
98|438
106|528,575
110|295
112|165
116|545
120|367,705
123|4,7,77,92,93,98,108,121,164,247,255,271,292,297,299,309,310,338,347,385,447,458,473,506,564,577,580,590,591,592,594,602,609,611,643,698,725,726,727
125|36,681
129|277
130|330
131|150,722
132|35,36,37,38,108,197,444,542,707,743
133|398,477,548,711
135|309
137|292
141|232
142|24,25,26,27,28,100,101,102,103,104,125,143,144,145,146,215,216,217,218,230,235,240,246,247,255,259,263,270,271,272,278,281,284,289,291,292,293,297,299,303,304,305,306,307,308,309,310,311,312,313,314,321,339,341,342,343,344,347,353,354,355,367,368,369,371,372,379,380,381,382,383,384,385,386,387,393,394,400,401,402,405,406,407,408,409,410,411,420,440,441,442,443,444,445,446,447,448,449,450,451,452,453,454,455,456,457,458,459,460,475,483,484,485,486,487,491,496,497,498,499,500,501,502,503,504,505,506,507,508,518,522,527,529,530,531,538,539,556,557,558,559,560,561,562,563,564,565,566,567,568,569,570,571,572,573,574,575,576,577,578,579,585,588,606,607,608,609,610,620,621,622,623,624,636,641,652,657,658,659,660,661,662,663,664,665,666,667,668,669,670,671,672,673,674,675,676,683,717,718,719,720,721,722,745,746,784,785
143|297
146|492,493,629
147|217,548
148|467,730
149|64,89,138,522,537,565,632,746
151|52,647,669
153|454,783
154|338
155|31,247,249,263,315,356,392,396,414,461,473,568,611,797
158|14,236,371,400,446,626,700
159|2,3,112,149,653,769
161|45,723
162|57,253
174|127
177|83,168,304,315,436,441,457,611,671,690,739
178|291
181|0,1,2,3,4,5,6,7,8,9,10,11,12,13,14,15,16,17,18,19,20,21,22,23,24,25,26,27,28,29,30,31,32,33,34,35,36,37,38,39,40,41,42,43,44,45,46,47,48,49,82,83,92,93,94,95,96,97,98,99,100,101,102,103,104,105,106,107,108,109,110,111,112,113,114,115,116,139,140,141,142,143,144,145,146,147,148,149,150,151,166,167,168,169,197,198,199,200,201,202,203,204,205,206,207,208,209,210,211,212,213,214,215,216,217,218,219,220,221,222,223,224,230,235,240,246,247,251,255,257,259,263,270,271,272,276,278,281,283,284,286,287,288,289,290,291,292,293,296,297,299,302,303,304,305,306,307,308,309,310,311,312,313,314,315,316,319,320,321,322,323,328,331,332,339,340,341,342,343,344,347,349,350,351,352,353,354,355,356,361,367,368,369,370,371,372,377,379,380,381,382,383,384,385,386,387,392,393,394,396,397,398,399,400,401,402,404,405,406,407,408,409,410,411,412,416,418,419,420,422,434,435,436,438,439,440,441,442,443,444,445,446,447,448,449,450,451,452,453,454,455,456,457,458,459,460,461,462,463,466,469,470,471,472,473,475,477,478,479,480,481,483,484,485,486,487,491,492,494,495,496,497,498,499,500,501,502,503,504,505,506,507,508,509,510,512,516,517,518,519,520,523,524,525,526,527,528,529,530,531,534,535,537,538,539,541,542,543,544,545,546,547,548,552,553,554,555,556,557,558,559,560,561,562,563,564,565,566,567,568,569,570,571,572,573,574,575,576,577,578,579,580,581,582,583,585,590,592,600,601,604,605,606,607,608,609,610,611,612,613,614,615,620,621,622,623,624,625,626,636,641,643,644,645,646,647,648,649,652,653,654,655,656,657,658,659,660,661,662,663,664,665,666,667,668,669,670,671,672,673,674,675,676,677,678,679,680,683,685,690,691,696,697,705,706,707,708,709,710,711,716,717,718,719,720,721,722,723,724,725,726,732,734,735,736,739,740,741,742,743,744,745,746,747,748,749,750,757,759,763,764,769,770,771,776,777,778,779,780,781,782,783,784,785,790,791,792,793,794,795,796,797,798,799
183|685
186|53,77,298,506,515
187|35,187,629,760,761,773
189|571,573,781
190|99,510,673,757
191|629
193|113,156
195|207
197|18,59,108,218,259,270,284,293,307,312,322,323,339,342,352,379,383,387,404,407,450,452,453,457,485,486,508,531,579,582,608,610,624,636,641,656,669,679,719,726,739,740,741
198|119,176,606
199|236
201|22,151,575
203|515
204|6,19,129,130,188,439,510,709,744
207|36,681
208|253,401,603,699
209|246,442,443,509,510,580,609,613,659
210|86,154,208,278,469,492,580,604,653,747,748,749,776,777,782
213|607
218|79,148,170,196,205,208,236,310,373,380,479,480,481,546,600,601,648,659,719,793
224|236,292,306,309,354,420,495,577
225|233,236
227|115,116,150,151
232|314
234|163
237|739
238|39,125,792
240|91,309
241|27
244|552,734
246|160
248|603
251|461
252|140,499,537,553,554,582,641,660,740,743
255|615
258|86
260|342
264|296,555,664
268|82,309
276|110,580,684,747,748,749,753,776,777,782
278|4,36,100,183,184,215,217,247,402,590,757
280|203
284|85,753
285|511
292|515,548,613
296|646,795
297|33,241,287,316,319,320,321,331,349,351,396,397,422,435,437,478,480,481,493,494,512,517,525,526,534,537,541,543,583,600,626,644,645,650,653,697,698,706,707,735,736,754,763,770,794,795,796,797
298|0,2,145,186,230,246,337,377,378,448,576,758
300|245
301|779
305|473
306|185
308|105,310
310|43,78
311|44,511
313|453
314|44
316|36,119,126,128,176,190,191,268,538,681,712
317|698,754
318|31
320|450,565
321|1
324|263,271
327|157,748
328|385,458,507
331|335
333|206,423,428
341|120
345|693
357|229,259,264,284,292,293,306,342,346,354,420,484,718
358|153
360|86,87,137,327,374,467,488,511,542,704,729,730,768,775,786,787
364|9,236,241,317,378,437,492,493,544,549,721,775
367|32,52,114,263,746
376|107
377|52,511
378|780
380|734
382|625,721
385|363
386|508
387|74
391|98,220,684,753
393|157,237
397|178,204
400|147
401|106,122,163,194,196,223,304,335,367,382,400,459,498,499,541,542,625,646,654,680,746,779
402|353,421,734
403|147
408|746,747
410|743
411|511,535
412|361,479,524,643,684,696,734,753,757,759,769,778,793
413|153,154,160,162,390,468,617,630,638,640,681,687,728,737,755,756,760,761,772,773
415|475,721
417|7,284,354,394,626
419|62,141,263,339,371,499,524,552,574,606,769
420|176,411,441,447,461
422|122,336,468,540,629,788,789
424|84,85,132,133,134,164,172,242,248,252,265,273,275,285,298,300,301,318,324,325,326,329,330,333,334,335,345,348,357,358,359,362,365,366,373,375,413,421,424,425,426,427,429,430,431,432,433,464,465,514,522,532,533,586,589,595,596,598,599,627,631,632,637,686,688,689,692,693,694,695,700,701,702,703,733,751,752,762,765,766,767,774
425|125,353,381,440,583,691,721,757
426|43,65,103,131,184,237,334,380,388,390,433,464,474,491,595,606,611,622,661,712,726,762,783
427|56,485
428|297,625
429|699
430|579
431|249,597,750
432|82,337,360,583,628
433|77,174,299,467,730
436|90,91,92,138,256,260,261,262,266,274,277,279,280,298,304,306,325,328,344,385,400,404,413,418,419,436,438,446,461,530,541,582,634,719,728,754,757
437|734
438|133
439|439,578,665,673
442|29,42,74,140,163,165,288,321,349,512,517,526
446|236,247,271,310,323,381,417,499,508,575,727,731
447|314,315,460,626
449|440
452|7
453|40,65,567
454|23
456|85
461|742
462|753
463|18
468|12,17,21,22,26,46,79,89,94,123,129,179,184,188,192,206,208,210,224,311,333,338,376,386,400,402,424,449,462,474,486,504,510,521,596,605,666,680,688,721,729,766,793
469|650
472|229,266,315,346,545,618,634,798
473|189
475|131
477|189
480|39,40,41,42,72,89,109,110,111,138,147,148,210,263,294,309,338,445,461,544,644,709
482|640
483|89,511
489|511
490|619
492|170,171,285,336,377,419,426,442,511,540,628,674,684,727,753,788
493|106,135,136,226,228,234,239,243,250,264,267,268,281,282,294,299,303,315,355,380,389,395,417,449,456,459,492,521,587,618,634,691,731,746
494|102,539
495|314,757
504|342,383
506|26,27,28,30,41,42,48,50,57,78,121,126,131,150,167,171,178,183,196,219,245,259,263,282,351,426,435,498,509,566,609,706,718,721,746
507|746
508|782
509|106,251,592,757
513|459
516|270,299,353,386,442,460,486,498,659,677,721
517|799
521|515
522|328,608,724
523|438,541
524|225
526|32
530|79,175,176,314,336,337,360,515,536,540,789
538|263,590
540|434
542|345
544|457,481,793
545|8,9,96,107,208,213,214,232,278,528,607,797
548|235,471,755,795
549|250,289,315,530,592
550|380
551|43,561
552|270,299,315,386,437,442,460,486,492,498,568,649,659,677,721,724
553|380,499,504,516,581,641,680
555|7,152,267,337,565,607
556|299
557|549
559|129,188,192,692
560|281,619
562|39,58,66,69,157,204,236,402,499,571,571,573,605,712,744,746
565|67,194,195,236,241,317,378,437,439,492,493,549,744
567|420
568|155,197,493,650
570|28,87,356
571|135,136,225,226,227,228,229,231,234,237,239,243,245,249,250,254,256,257,258,260,261,262,264,266,267,268,274,276,277,279,280,282,283,287,288,294,314,316,319,320,321,331,332,346,349,351,361,363,364,389,395,396,397,403,414,415,416,417,418,419,422,435,436,469,474,476,478,479,480,481,489,490,494,512,513,517,520,521,524,525,526,527,534,537,541,542,543,544,545,546,547,587,593,597,600,601,614,618,634,642,643,644,645,646,647,648,690,696,697,706,707,708,709,710,731,734,735,736,759,763,764,769,770,771,778,779,780,781,793,794,795,796,797,798,799
572|96,163,553,639
574|9,125,126,162,163,177,178,179,534
575|76,77,130
576|2,3,80,236,257,337,360,376,789,794
578|274
579|315,323,353,371,379,451,460,479,507,655
580|302,506,596
581|24,593,726
582|265
583|172
584|137,488,644,704
585|175
587|616
588|106,107,300,462,492,519,543,590,613,622,625,678,724,725,743
592|138,156,176,187,230,241,247,263,270,271,272,281,303,304,308,309,310,311,312,313,314,323,341,352,367,379,383,437,450,451,452,453,454,455,456,460,492,493,616,649,650,746
593|10,406
594|758
597|7,309,313,331,480,559,607
598|2,24,30,51,52,53,54,74,75,103,120,153,154,155,314,390,446,468,499,592,617,630,638,640,681,687,728,734,737,755,756,760,761,772,773,785,796
600|577
603|789
604|145
610|127,187,629,741,791
611|12,41,203,585,623,728,754
612|70,71,96,107,111,304,309
614|163,462,519,530,590,625,678,724,725
617|229
618|569,607,765
619|20,62,83,99,121,220,263,436,480,600,673,778
623|642
625|252
626|33,138,377
628|299
632|412,589
633|4,128,213,228,260,262,309,614,680,795
634|26,461
637|658,726
638|141,383,524,769
643|18
645|32,33,106,129,167,187,188,193,204,213,214,311,351,354,411,452,500,530,682,697,781
646|788
648|299,674
649|588,746
650|271,627
653|88,90,175,286,289,502,598,664
654|473
655|236
657|190,191
660|68,711
661|287
665|420
668|779
669|339
673|158,737
674|749
676|334,355,592,599,748,792
677|92,139,216,315,320,387,450,577,721
678|125,126,162,163,177,178,179
679|49,118,263
682|281,528
683|72
684|16,39,62,96,122,147,148,174,206,263,309,331,336,380,469,494,533,540,605,628,735,741,759,766,770
685|12,16,16,34,39,55,71,122,124,126,147,148,152,167,174,202,206,213,224,273,275,317,326,336,351,380,431,540,581,628,701,706,788,793
686|475
688|149,200,339,412,641,756,758,779
689|237,245,254,258,286,296,315,346,414
690|16,600
691|153,777
693|502,598,637
694|98,220,361,524,686,696,708,734,759,769,778
696|0,1,2,3,4,5,6,7,8,9,10,11,12,13,14,15,16,17,18,19,20,21,22,23,24,25,26,27,28,29,30,31,32,33,34,35,36,37,38,39,40,41,42,43,44,45,46,47,48,49,50,51,52,53,54,55,56,57,58,59,60,61,62,63,64,65,66,67,68,69,70,71,72,73,74,75,76,77,78,79,80,81,82,83,90,91,92,93,94,95,96,97,98,99,100,101,102,103,104,105,106,107,108,109,110,111,112,113,114,115,116,118,119,120,121,122,123,124,125,126,127,128,129,130,131,139,140,141,142,143,144,145,146,147,148,149,150,151,153,154,155,156,157,158,159,160,161,162,163,164,165,166,167,168,169,174,175,176,177,178,179,180,181,182,183,184,185,186,187,188,189,190,191,192,193,194,195,196,197,198,199,200,201,202,203,204,205,206,207,208,209,210,211,212,213,214,215,216,217,218,219,220,221,222,223,224,230,232,233,235,236,238,240,241,244,246,247,251,255,257,259,263,269,270,271,272,276,278,281,283,284,286,287,288,289,290,291,292,293,295,296,297,299,302,303,304,305,306,307,308,309,310,311,312,313,314,315,316,317,319,320,321,322,323,328,331,332,336,337,338,339,340,341,342,343,344,347,349,350,351,352,353,354,355,356,360,361,367,368,369,370,371,372,376,377,378,379,380,381,382,383,384,385,386,387,388,390,391,392,393,394,396,397,398,399,400,401,402,404,405,406,407,408,409,410,411,412,416,418,419,420,422,423,428,434,435,436,437,438,439,440,441,442,443,444,445,446,447,448,449,450,451,452,453,454,455,456,457,458,459,460,461,462,463,466,468,469,470,471,472,473,475,477,478,479,480,481,482,483,484,485,486,487,491,492,493,494,495,496,497,498,499,500,501,502,503,504,505,506,507,508,509,510,511,512,515,516,517,518,519,520,523,524,525,526,527,528,529,530,531,534,535,536,537,538,539,540,541,542,543,544,545,546,547,548,549,550,551,552,553,554,555,556,557,558,559,560,561,562,563,564,565,566,567,568,569,570,571,572,573,574,575,576,577,578,579,580,581,582,583,584,585,588,590,591,592,594,600,601,602,603,604,605,606,607,608,609,610,611,612,613,614,615,616,617,619,620,621,622,623,624,625,626,628,629,630,633,635,636,638,639,640,641,643,644,645,646,647,648,649,650,651,652,653,654,655,656,657,658,659,660,661,662,663,664,665,666,667,668,669,670,671,672,673,674,675,676,677,678,679,680,681,682,683,684,685,687,690,691,696,697,698,699,705,706,707,708,709,710,711,712,713,714,715,716,717,718,719,720,721,722,723,724,725,726,727,728,732,734,735,736,737,738,739,740,741,742,743,744,745,746,747,748,749,750,753,754,755,756,757,758,759,760,761,763,764,769,770,771,772,773,776,777,778,779,780,781,782,783,784,785,788,789,790,791,792,793,794,795,796,797,798,799
698|12,317,323,340,443,460,518,574,575,607,671,779
701|238,295,391,482,550,551,584,633,651,713,714,715,738
702|17,21,35,55,100,101,154,213,386,523,653,680
704|118,120
707|393,430,700,735,751,770
708|129,188,192,380
709|475
710|530,606
711|154,290,354,462,495,656
712|310,368,458,555,662
714|7,119,782
715|154,491,638
716|640
717|65,66,67,196,605,619
719|311,377
723|649
726|236
728|607,752
729|55,56,57,58,59,121,122,129,156,157,388,423,428
730|11,95,247,271,278,308,310,323,329,381,401,486,499,508,575,672
731|667
734|236
735|779
741|292,444
742|613
743|64,77,130,257,276,283,288,332,416,418,419,436,520,527,544,545,546,547,601,614,647,648,690,708,709,710,764,771,780,781,798,799
746|131,184
747|1,15,16,17,18,19,20,21,22,28,44,45,60,96,97,98,99,112,115,116,117,139,140,141,142,149,150,151,152,159,160,165,180,181,182,201,202,203,204,205,206,207,220,221,222,223,224,230,259,290,312,316,319,320,321,341,349,369,404,407,416,418,419,420,441,455,466,469,471,491,494,512,524,525,526,535,537,554,580,583,590,591,592,601,602,604,610,614,615,626,643,645,648,650,708,710,735,742,748,757,763,764,769,771,778,780,799
748|153
752|152,371,465,658,712
754|49,628,696
755|641
756|71,72,81,123,344
757|22,481,793
758|45,498,511
759|89,105,138,177,208,339,347,422,460,462,506,571,590,747,748,749,772
761|24,25,26,27,28,46,47,48,92,100,101,102,103,104,113,114,124,143,144,145,146,198,199,200,215,216,217,218,219,230,235,236,240,246,247,255,259,263,270,271,272,278,281,284,289,291,292,292,293,297,299,303,304,305,306,307,308,309,310,311,312,313,314,314,339,341,342,343,344,347,353,354,355,367,368,369,371,372,379,380,381,382,383,384,385,386,387,393,394,400,401,402,404,405,406,407,408,409,410,411,420,440,440,441,442,443,444,444,445,446,447,448,449,450,451,452,453,454,455,456,457,458,459,460,475,483,484,485,486,487,491,496,497,498,499,500,501,502,503,504,505,506,507,508,510,518,527,529,530,531,538,539,556,557,558,559,560,561,562,563,564,565,566,567,568,569,570,571,572,573,574,575,576,577,578,579,585,594,606,607,608,609,610,612,620,621,622,623,624,636,641,652,653,656,657,658,659,660,661,662,663,664,665,666,667,668,669,670,671,672,673,674,675,676,680,683,717,718,719,720,721,722,744,745,746,757,784,785
764|15,132,434,697
767|84,85,132,133,134,172,242,248,252,265,273,275,285,298,300,301,318,324,325,326,329,330,333,334,335,345,348,357,358,359,362,365,366,373,375,413,421,424,425,426,427,429,430,431,432,433,464,465,514,522,532,533,586,589,595,596,598,599,627,631,632,637,686,688,689,692,693,694,695,700,701,702,703,733,751,752,762,765,766,767,774
768|77,130
769|158,326,344
771|109,116,308,729
775|131,165,183,185
776|22,35,162,163,180,187,219,380,435,604,647,697,706
777|105,131,162,246,453,613
779|42,180,299,664
782|639
783|119,176,180,603,723
784|192
786|163,256,466
787|34,236,607,646,795
790|79,175,176,515,536,790
791|281
795|97,116,139,276,320,332,520,690,710,781
798|64
799|88,136,152,221,236,267,311,337,395,398,465,477,500,527,529,548,577,604,605,607,611,639,711,749,763,767,795
801|83,229
802|265,377,386,434,523,606,652,673,685,705,790,791,792
803|152,629
809|11,55,151,238,270,276,307,309,310,311,323,327,341,349,352,367,379,380,383,402,437,442,448,450,451,452,453,454,455,456,460,463,467,488,508,512,520,525,551,576,582,584,601,609,623,636,644,646,648,672,713,728,736,739,754,775
811|74,453,649,679
814|278,323,353,371,380,440,457,462,583,658,671
817|117,152,246,247,253,310,356,407,479,556,568,579,714
818|67,208,588
820|4,98,158,160,208,285,316,471,535,615,772
821|17,31,49,88,115,116,150,151,306,474,603,696
822|402
824|210
825|92,170,171,230,263,272,302,304,314,328,344,400,400,404,410,438,446,450,461,499,519,553,582,658,719,741
827|732
828|439,449,578,673
831|236,443
832|125,236,251,746
833|43,180,181,195,493,746
834|32
836|131,183,314
837|236,303,380,568,605,607
838|117,152,251,253,463,746
840|64,70,89,138,377,504,515,606,717,745
843|178,204,309,471,606
844|64,184
845|25,56,115,124,153,181,194,365,470,571,572,574,652
847|30,105,208,472,603
848|366
849|10,11,12,13,14,95,209,210,211,212,447
850|77,570
851|127,233
854|779
855|34,36,50,118,119,128,129,188,190,191,192,193,194,195,257,276,283,288,332,336,337,360,361,416,418,419,435,436,469,479,511,520,524,527,535,540,542,544,545,546,547,553,588,601,614,615,628,629,643,646,647,648,684,690,696,697,708,709,710,727,734,753,759,764,769,771,777,778,779,780,781,788,789,793,798,799
856|284,354
858|236
859|78,160,331,371,626,652
860|86,87,137,173,327,339,371,374,380,467,488,611,704,729,730,732,768,775,786,787
861|13,79,116,117,216,233,241,287,315,316,319,320,321,331,349,351,354,396,397,422,435,451,475,478,480,481,494,509,512,517,525,526,534,537,541,543,553,554,600,636,644,645,697,706,707,735,736,763,770,794,795,796,797
862|92
863|94,162,163,411
864|44,45
865|4,19,24,36,126,168,338,531,629,631
866|204,500,501
867|253,284,308,354,394,746
868|34,112,189,619
869|5,650
872|70,519,774
874|84,85,132,133,134,242,248,252,265,273,275,285,298,300,301,318,324,325,326,329,330,333,334,335,345,348,357,358,359,362,365,366,373,375,413,421,424,425,426,427,429,430,431,432,433,464,465,514,522,532,533,586,589,595,596,598,599,627,631,632,637,686,688,689,692,693,694,695,700,701,702,703,733,751,752,762,765,766,767,774
875|84,208,276,443,492,494,520,794
879|419,494
880|169
884|34,230,259,306,309,385
886|88,286,296,350,370,412,472,473,612,677,723,750,783
888|24,26,60,175,236,736,759
889|309,531,588
891|3,234,675
892|158,194,196,337,440,466,620,640,691,758,760,761,773
894|64,71,124,241,263,270,271,272,286,295,296,309,352,444,460,470,540,581,588,607,608,624,628,633,649,667,701,743,746,748
895|196
896|6,25,44,48,57,68,99,101,106,110,152,167,182,190,195,222,247,263,284,337,351,456,515,523,540,565,636,706,757,771
897|24,247,498
899|720
900|503,592
902|24,184,212
903|542
904|108,126,142,179,276,281,296,308,315,343,355,404,436,442,476,489,509,510,520,528,555,565,582,583,603,605,607,613,620,654,674,679,725,742
906|511,727
908|435,647,697,706
909|181,184
911|24,511,727
912|125,682,687
913|53,69,160,196,361,454,604
916|534
917|613
918|215,290,292,342,355,383,446,461,495,612,616,656,746,757,791
919|353
920|26,527,529,635
921|64,160,483
922|357,530
924|339
925|29,61,62,63,70,123,124,140,161,180,185,186,228,240,260,288,352,401,427,452,505,563,590,717
926|516,571,578,743,746,790
927|102,125,236,475
928|47,60,72,73,74,75,76,77,78,79,80,97,130,131,159,160,165,175,176,180,181,182,196,236,515,530,536
930|36,65,66,67,662,678
931|447,470
932|127,169,247
933|44,79,119,124,144,165,230,236,276,337,350,374,380,391,492,511,512,525,550,559,576,601,646,704,715,730,738,746,798
934|17,55,173,275,310,322,380,605,719
935|67,93
936|31,70,184,236,511,571,574
937|8,9,96,208,472,517,719,797
939|47,88,89,122,138,306,309,314,362,410,433,519,523,611,677,685,705,741,791,792
940|145,236,238,263,281,303,304,308,309,310,311,312,313,314,343,367,380,391,411,418,434,438,442,457,482,551,556,597,633,650,714,736,742,743
941|247,307,342,344,387,407,579,604,610,613,662
942|34,89,94,118,202,315,340,437,581,590,727
943|4,40,50,56,88,89,95,108,117,138,316,382,398,403,415,438,451,460,463,477,498,504,537,548,553,554,645,665,711,749,787,792
945|33,50,118,389,505,563,585,623
947|192,254,261,364,476,770
948|179
949|9
950|39,40,41,42,109,110,111,147,148,544,644,709
952|20,263,377,434,523,588,607,673,685,705,790,791,792
953|12,154,196,237,245,254,258,346,352,359,414,424,440,469,492,526,530,654,721,726,731,740,747,796
954|172,212,631
955|308,355,379,555,565
957|189,387,461,519
959|530
960|703
961|19,168,309,607
963|3,53,55,63,80,98,146,161,178,179,236,251,259,272,281,306,312,314,315,340,341,398,441,460,463,477,548,556,606,626,711,712,746
964|3,71,658,719
967|310,583,712
970|57,59,118,231
971|603,727
973|518,530
974|440
975|721
976|19,155,182,201,263,303,370,381,611
977|28,56,263,380,418,419,436,657,680,728,754
979|88,89,138,513,612
981|672
982|5,204,352,360,604,654,684,740,790,798
983|205,375,601,648
984|4,15,16,17,18,19,20,21,22,39,40,41,42,87,93,96,97,98,99,105,109,110,111,130,139,140,141,142,147,148,190,191,201,202,203,204,205,206,207,220,221,222,223,224,263,304,316,319,320,321,349,416,418,455,469,512,517,524,525,526,537,544,601,614,643,643,644,645,648,702,709,735,763,764,771,778,780,799
985|613
986|10,19,344,580
987|94,230,232,246
989|603,613
990|5,93,120,143,163,201,215,220,680,721
991|684,753
992|0,193,263,574
994|308,613
995|61,62,63,123,124,161,185,186,449,461,746
998|668,676
999|24,483
1000|790
1001|37,219
1002|119
1003|319,543,626
1004|369,497,712,749
1005|93,125,192,236,356,553
1006|4,5,19,86,87,88,89,90,91,92,125,137,138,170,171,172,173,257,314,318,326,327,344,374,386,404,467,488,507,507,555,650,656,704,729,730,768,775,786,787,791,794
1007|158
1008|302,340,499
1009|236,257,292,794
1011|53,55,56,110,281,616,649
1013|108,162,170,171,269,287,316,380,468,494,553,617,630,682,687,717
1014|6,62,66
1016|12,36,77,213,214,225,304,354,651,659,784
1017|590
1019|152,770
1021|107,136,395,417,497,609
1023|57,167,182,351,380,721
1029|183,591,602,635
1033|63,487,510,673
1035|788
1040|288
1046|175,736
1047|183
1051|45,545,798
1052|35,36,37,38,68,81,108,197,439,542,707
1054|130,135,261,614,774
1056|303
1058|460,469
1059|211
1061|398,463
1062|790
1063|180,181,204
1064|194,195
1065|315
1068|55,160,360,475,496,557,581,621,680,684,695
1072|73
1075|144,276,286,296,314,336,349,350,418,448,492,512,520,525,540,559,576,601,623,628,644,646,648,736
1081|44,45,639
1082|511
1084|155,165,684,753
1086|208,217,276,339,371,454,494,520,552,574,655,794
1088|140
1089|185,201,663,772
1091|84,85,114,132,133,134,135,136,158,203,225,226,227,228,229,231,234,237,239,242,243,245,248,249,250,252,254,256,258,260,261,262,264,265,266,267,268,273,274,275,277,279,280,282,285,294,298,300,301,309,318,324,325,326,329,330,333,334,335,345,346,348,357,358,359,362,363,364,365,366,373,375,389,395,403,413,414,415,417,421,424,425,426,427,429,430,431,432,433,464,465,474,476,489,490,513,514,521,522,532,533,564,586,587,589,593,595,596,597,598,599,606,618,627,631,632,634,637,642,686,688,689,692,693,694,695,700,701,702,703,705,731,733,751,752,762,765,766,767,774
1092|263,309
1093|122
1096|149
1099|75
1102|703
1103|77,130,176,246,258,315,347,462,510,726,780
1105|128,746
1109|201,663
1110|95,104,107,315,356,392,396,461,574,611,746
1114|581,679
1119|8,62,64,66,121,263,283,430,467,552,730,780,790
1120|159
1121|153
1122|134,422,429,432,532,697,707
1124|76,80,108,116,117,241,307,309,386,577,649,656,679,726
1125|66,128,190,191
1127|86,109,158,209,367,371,518
1128|44,89,184,278,408,606
1129|36,65,66,67,211,509,746
1132|4,7,62,176,380,733
1133|142,607
1134|38,62,78,102,118,128,131,144,152,165,191,199,200,207,210,220,223,230,299,313,314,327,374,397,399,461,530,539,606,611,646,777
1135|233
1136|166,392,396,478,629,691
1140|97,155,200,201
1141|592,748
1143|672,686
1145|164,719
1149|259,306,312,340
1151|721
1152|500
1153|161
1154|23,64,124,231,263,336,359,362,401,493,495,507,518,540,580,583,618,632,654,684,716,743,747,753
1164|21,108,127,128,140,174,190,191,226,386,589,683,684,727,753
1166|136,395,507,580,583
1167|112,238,244,290,295,308,342,352,360,377,391,401,434,452,482,500,546,547,550,551,583,584,604,633,651,656,684,713,714,715,738,790
1169|122,185,349,512,517,591,594,602,718
1170|517
1171|6,19,314
1172|613
1177|293,568,629
1178|43,61,179,189,232,337
1183|61,63,107,236,386,783
1188|130,160
1192|173,236,266,621,719
1194|60,259,604,679,724
1197|106,107,543
1200|177,199
1201|164,230,263,272
1203|106,251,566,592,757
1207|476,489,490,513,593,597,642
1209|7,15,25,32,62,63,64,80,99,115,126,146,167,181,184,194,223,351,617,630,706,757
1210|62,214
1215|504,635,747
1216|127,174,185,187,255,486,705,746
1218|60,159,160,165,180,181,182,233,332,619
1221|639
1223|159,164
1224|55,247,281,336,341,344,353,431,463,550,591,594,602,671,698
1225|67,108,236,241,251,259,284,290,292,293,306,307,340,340,348,354,355,376,401,404,420,438,456,457,459,472,473,475,493,495,499,518,549,577,583,604,609,649,656,665,726,732,743,790
1226|78,98,555,609,699
1227|56,88,480,485,511,565,600,620,757
1230|106,144,232,247,259,284,292,293,297,306,312,323,337,342,354,420,491,492,555,575,610,620,669,726
1232|291,393,401,672,732
1233|64,144,156,179,187,286,296,299,459,530,746
1235|144,145,151,238,295,327,374,391,467,482,488,550,551,584,633,651,704,713,714,715,730,738,775
1237|79,90,175,176,515,536,653
1238|84,107,129,132,224,336,501,511,530,540,628,640,684,727,729,753,758,788,793
1240|189
1241|5,9,19,55,98,117,168,215,220,236,308,309,340,356,438,499,582,583,606,607
1242|11,58,117,123,126,176,178,443,486,509,571,616,647
1245|347,725
1246|129,188
1248|308,353,555
1249|12,387,462,607,624,725
1251|453
1252|607
1254|11,30,51,128,129,177,188,189,190,191,192,193,194,195,236,283,286,287,296,336,337,350,360,370,376,380,381,412,472,473,511,535,540,545,588,612,615,628,629,639,673,677,684,723,727,734,736,750,753,783,788,789,796
1257|202
1258|486
1259|80,196
1260|7,230,241,246,281,290,307,308,314,315,323,344,352,355,379,400,420,440,452,453,456,459,506,508,579,583,604,610,650,656,674,726
1261|53,66,84,85,132,133,134,135,136,225,226,227,228,229,231,234,237,239,242,243,245,246,248,249,250,252,254,256,258,260,261,262,264,265,266,267,268,269,273,274,275,277,279,280,282,285,294,298,300,301,318,324,325,326,329,330,333,334,335,345,346,348,357,358,359,362,363,364,365,366,373,375,389,395,400,403,413,414,415,417,421,424,425,426,427,429,430,431,432,433,464,465,474,476,489,490,513,514,521,522,532,533,549,578,586,587,589,593,595,596,597,598,599,618,627,631,632,634,637,642,682,686,688,689,692,693,694,695,700,701,702,703,731,733,751,752,762,765,766,767,774
1262|629
1264|300
1268|270,434
1271|7,88,97,119,141,475,524,581,680,721,746,757,768,769
1273|117,152,516
1275|535,615,639
1279|135,136,225,226,227,228,229,231,234,237,239,243,245,249,250,253,254,256,258,260,261,262,264,266,267,268,274,277,279,280,282,294,301,346,363,364,389,395,403,414,415,417,474,476,489,490,499,513,521,587,593,597,618,634,642,677,731,792
1282|535,615
1283|140,180,181,337,588
1287|168,436,690
1288|111
1289|503
1290|44,45,415
1293|73
1296|725
1298|4,7,24,26,34,36,44,45,64,77,79,88,89,97,116,117,118,119,121,122,125,126,128,129,130,131,134,135,136,138,144,145,151,152,153,154,155,156,157,158,159,160,162,163,164,165,175,176,177,178,179,180,181,182,183,184,185,186,187,188,189,190,191,192,193,194,195,196,203,204,208,223,336,337,360,511,515,535,540,588,615,628,629,684,727,753,788,789
1303|118,234,258,416,544,683
1309|69
1310|332
1312|54,73,165,186,241
1315|727
1316|76,321,582,600,716,727,742
1317|708,710
1318|88,454
1319|314,587,685
1320|463
1324|746
1328|259
1331|727
1335|511
1337|528
1341|58,69,78,83,116,219,338,384,449,566,712,749
1346|387
1348|43,327,342,353,374,397,399,643,712,763
1349|57,694
1350|694
1351|264
1352|308,355,380,438,440,546,547,549,583,671
1355|125,240,380
1357|106,315,568,611
1358|78,338,474,613,619,639,767
1361|251,299,463,609
1365|157,159,193,203,533
1368|43,83,164,460,726,767
1376|195,257,360,513
1380|53,58,113,156,178,179,749
1381|486
1383|511
1387|1,77,102,118,124,157,176,181,234,281,292,309,315,343,421,437,492,509,535,539,568,615,649,652,724,727,764,788
1391|29
1392|103
1396|75,230,284,292,347,385,669
1400|325
1401|154,239,249,250,277,394
1402|204,401,705
1403|34,120,183,184,542,553
1410|79,175,176,515,536
1412|98,236,341
1413|178
1415|28,108,256,363,525,636,705
1420|588
1421|254,279,331,403,481,541,588
1423|489
1424|711
1425|102,125,539,682,687
1430|236
1433|70,571
1434|477,728,737,754
1437|363,364,403,415
1440|31,50,278,503,723
1442|96
1444|9,11,19,39,66,92,105,221,247,278,297,308,314,341,344,353,356,394,442,443,447,460,506,509,528,535,552,556,561,580,590,592,615,658,659,678,724,725,745,747,748,755
1445|129,145,146,155,156,162,188,193,198,213,230,241,246,268,272,281,313,314,355,380,382,398,409,448,461,477,548,559,576,680,711,723,746,783,789
1447|23,138,166,251,263,290,297,302,305,310,322,323,328,340,352,356,397,399,404,405,438,449,470,471,478,495,499,528,552,553,554,555,566,604,605,628,653,654,655,656,716,732,739,740,741,742,743,757
1448|244,599
1449|605
1452|16,39,134,135,136,147,148,174
1456|606
1457|315,404,792
1458|530
1459|679
1460|17,503,696,722
1463|183,746
1464|13,15,79,128,194,195,196,222,243,262,267,279,280,293,593,646,759
1469|64
1471|355,485,490,721
1472|32,96,158,244,303,588
1476|255,449
1478|37,198,200,299,355,382,409,456,459,530,755
1480|565,603
1482|515
1484|592
1485|148,278
1486|670
1487|531,558
1488|440,460
1491|3,384,721
1493|74
1498|63
1499|288,297
1503|629
1506|31,162,214,485,605,652,654
1508|81
1510|77,641
1511|155,195,338,635,746,757
1512|423,428
1513|16,46,80,81,97,110,112,126,137,147,166,170,205,208,276,283,319,327,332,368,370,374,381,392,393,394,396,397,399,402,418,419,436,478,480,483,486,487,488,494,518,520,525,527,529,530,531,534,538,541,543,544,546,547,557,558,569,583,585,600,601,624,644,645,648,676,689,690,691,704,707,708,709,710,716,720,722,735,746,756,763,764,770,771,775,780,781,785,786,787,794,796,797,799
1517|177
1519|236,386
1522|500
1524|252
1525|535,615
1526|126,139,179,299,320,338,402,479,510,609,613
1528|355,736
1531|8,34,95,118,552
1532|368
1533|110,263,787
1534|355,736
1540|322
1541|684,753
1542|98,220,449
1543|104,230,287,405,445,581,643,735,770,799
1547|309,619,622,726
1550|157,203,241,242,419,481,650,699,784,789,791,792
1551|693
1552|500,530
1553|408,609,721
1554|437,586
1555|118,462,562,612,737
1557|180,322,449,556
1559|422,697
1560|371
1561|286
1562|67,246,303,304,449,459,498,625,746
1563|0,230,276,318,347,520,535,615,719
1566|746
1567|380,588
1568|371,498,757
1569|673
1570|299,658
1571|263
1573|355,621,671,743
1580|11,51,52,53,54,69,120,155,165,177,225,227,302,443,466,479,619,628,640,661,776
1581|112,290,309,352,604,613,656
1582|0,4,5,7,8,9,10,11,12,13,14,50,51,51,52,52,53,53,54,54,55,56,57,58,59,60,61,62,63,64,65,66,67,68,69,70,71,73,78,81,81,92,94,95,96,118,119,120,120,121,122,123,124,125,126,127,153,154,155,155,156,157,158,159,160,161,162,163,164,165,165,169,174,177,178,179,180,181,182,183,184,185,186,187,208,209,210,211,212,225,227,232,233,236,238,241,244,269,270,276,278,293,295,302,317,322,331,338,342,358,361,363,364,376,378,383,388,390,391,403,415,422,423,428,437,449,458,468,476,477,480,482,484,485,489,490,492,493,493,506,513,520,528,533,549,550,551,555,574,582,584,588,591,593,594,597,602,603,605,616,617,619,630,633,635,638,639,639,640,642,650,651,672,674,681,682,687,698,699,712,713,714,715,721,726,728,737,738,742,754,755,756,758,760,761,772,773,788,797
1583|119
1586|30,186,238,244,295,377,391,434,482,503,550,551,584,633,651,713,714,715,734,738,790,796
1592|744
1593|149
1594|39,135,136,226,228,234,239,243,250,264,267,268,282,294,389,395,417,521,587,618,634,731
1595|588
1597|105,217,303,307,309,353,394,412,442,443,454,495,530,555,592,607,610,653,659,745,783
1598|595,782
1599|157,233,257,323
1600|24,26,60,516
1601|16,39,129,142,145,155,156,162,175,188,193,280,553,569,716,739,789
1606|162,178
1608|616
1609|514
1610|193,372
1612|178,204
1614|232,568
1616|239
1617|723
1618|530
1619|70,157,535,615,650
1620|62,707
1621|93,201,292,338,355,361,385,523,638,663,766
1622|308,354,554
1623|269,310,378
1624|532
1626|87,233
1627|502
1628|192,372,581,680,768
1629|247,292,293,303,309,340,355,377,385,420,447,475,499,583,611,618,634,740
1630|27,31,63,159,441,447
1631|66,402,666,744,749
1633|96,115,125,230,236,241,247,271,278,299,310,311,314,340,343,353,356,360,438,455,457,461,463,470,519,566,568,575,577,581,583,583,611,613,622,649,671,671
1634|236,257,776
1635|121,238,295,391,482,491,550,551,584,633,651,713,714,715,738
1639|105,310,579,655
1640|4,7,33,38,41,77,79,117,118,119,121,122,125,126,130,131,152,153,154,155,156,157,158,159,160,162,163,164,165,175,176,177,178,179,180,181,182,183,184,185,186,187,189,196,197,203,204,253,388,390,423,428,468,515,536,591,594,602,607,616,617,630,635,638,640,681,682,687,698,699,728,736,737,754,755,756,758,760,761,772,773
1641|149,336,540,789
1645|504,788
1646|175,221,281
1647|356,386,463,509,510,547,581,582,583,592,613,626,679,680,726
1648|309,530,531,581,619,679,757
1649|98
1650|0,1,2,3,4,5,6,7,8,9,10,11,12,13,14,15,16,17,18,19,20,21,22,23,24,25,26,27,28,29,30,31,32,34,35,36,37,38,39,40,42,43,44,45,46,47,48,49,50,51,52,53,54,55,56,57,58,59,60,61,62,63,64,65,66,67,68,69,70,71,72,73,74,75,76,77,78,80,81,82,83,84,85,86,87,88,89,90,91,92,93,94,95,96,97,98,99,100,101,102,103,104,105,106,107,108,109,110,111,112,113,114,115,116,120,123,124,127,130,132,133,134,137,138,139,140,141,142,143,144,145,146,147,148,149,150,151,161,166,167,168,169,170,171,172,173,174,197,198,199,200,201,202,205,206,207,208,209,210,211,212,213,214,215,216,217,218,219,220,221,222,223,224,230,232,233,235,236,238,240,241,242,244,246,247,248,251,252,255,257,259,263,265,269,270,271,272,273,275,276,278,281,283,284,285,286,287,288,289,290,291,292,293,295,296,297,298,299,300,301,302,303,304,305,306,307,308,309,310,311,312,313,314,315,316,317,318,319,320,321,322,323,324,325,326,327,328,329,330,331,332,333,334,335,338,339,340,341,342,343,344,345,347,348,349,350,351,352,353,354,355,356,357,358,359,361,362,365,366,367,368,369,370,371,372,373,374,375,376,377,378,379,380,381,382,383,384,385,386,387,391,392,393,394,396,397,398,399,400,401,402,404,405,406,407,408,409,410,411,412,413,416,418,419,420,421,422,424,425,426,427,429,430,431,432,433,434,435,436,437,438,439,440,441,442,443,444,445,446,447,448,449,450,451,452,453,454,455,456,457,458,459,460,461,462,463,464,465,466,467,469,470,471,472,473,475,477,478,479,480,481,482,483,484,485,486,487,488,491,492,493,494,495,496,497,498,499,500,501,502,503,504,505,506,507,508,509,510,512,514,516,517,518,519,520,522,523,524,525,526,527,528,529,530,531,532,533,534,537,538,539,541,542,543,544,545,546,547,548,549,550,551,552,553,554,555,556,557,558,559,560,561,562,563,564,565,566,567,568,569,570,571,572,573,574,575,576,577,578,579,580,581,582,583,584,585,586,589,590,592,595,596,598,599,600,601,603,604,605,606,607,608,609,610,611,612,613,614,619,620,621,622,623,624,625,626,627,631,632,633,636,637,639,641,643,644,645,646,647,648,649,650,651,652,653,654,655,656,657,658,659,660,661,662,663,664,665,666,667,668,669,670,671,672,673,674,675,676,677,678,679,680,683,685,686,688,689,690,691,692,693,694,695,696,697,700,701,702,703,704,705,706,707,708,709,710,711,712,713,714,715,716,717,718,719,720,721,722,723,724,725,726,729,730,732,733,734,735,736,738,739,740,741,742,743,744,745,746,747,748,749,750,751,752,757,759,762,763,764,765,766,767,768,769,770,771,774,775,776,777,778,779,780,781,782,783,784,785,786,787,790,791,792,793,794,795,796,797,798,799
1652|20,183,373,564
1655|153,184,671,705,786
1657|606
1658|309,486
1660|462
1664|236
1666|616
1668|94,792
1671|117
1673|588,590,747,748
1675|462
1677|301
1683|437,745
1689|521
1691|511
1696|102,536,539,649
1702|50,64,118,232
1707|121,209
1714|90,91,94,115,162,217,220,235,506,590,604,645,653,673,688,764,780
1716|236
1726|99,319,543,737
1728|27,173,292
1729|96,356,386,463,509,510,547,581,582,583,592,613,626,679,680,726
1731|105,182,284,297,306,427,449,472,526,586,659,798
1732|130,324
1733|435,647,697,706
1734|174,273,365,470,510
1735|34,332,460,579,605,741,759
1737|345
1738|613,788
1739|438
1742|590
1744|318,621
1746|71,357,757
1747|511
1748|642
1750|323
1754|218,308,336,337,360,401,452,511,540,546,628,635,684,727,753,788,789
1760|286
1762|69
1763|313,314,401,611
1764|55,97,106,124,241,247,263,270,271,272,281,303,304,307,308,309,310,311,312,313,314,322,323,326,341,352,353,367,379,380,383,407,411,437,442,444,450,451,452,453,454,455,456,457,460,492,498,508,556,568,575,582,605,649,669,671,728,732,743,746,754
1766|97,650
1767|227
1769|33,90,91,93,102,105,122,137,148,166,170,174,206,207,223,233,236,244,257,276,283,287,288,316,317,319,320,321,331,332,336,349,351,392,396,397,398,400,401,416,418,419,422,435,436,466,469,477,478,480,481,485,488,491,494,496,512,517,520,525,526,527,534,537,539,540,541,542,543,544,545,546,547,548,557,591,592,594,600,601,602,607,614,620,621,624,626,636,643,644,645,646,647,648,683,690,691,697,699,704,706,707,708,709,710,711,717,719,734,735,736,757,760,761,763,764,770,771,773,779,780,781,782,794,795,796,797,798,799
1770|86,87,88,89,90,91,137,138,170,171,172,173,327,344,374,467,488,704,729,730,768,775,786,787
1771|131,271,446,466,612,621,702,712
1772|39,192,305,398,477,548,566,588,711
1773|45,380
1775|337,617,630
1777|328
1778|28,41,48,83,89,154,171,217,232,246,278,281,313,314,333,360,401,435,462,471,474,499,555,567,596,613,628,649,757,766,770,778
1779|111,193
1781|29,33,63,66,93,121,125,186,194,223,236,288,309,342,466,500,518,530,607,638,639,742,788,790
1783|350,746
1784|187,629
1785|186,294
1786|6,19,29,472
1788|107,338,481,484,518,659,793
1791|179
1792|236
1793|83,181,460
1795|398,486,519,619,753
1796|458
1797|380,683
1812|27,54,152,160,167,193,218,253,351,660,680,706
1814|413,696
1816|243
1827|0,276,520
1829|637,785
1831|16,39,134,135,136,147,148,174,308,333
1839|188,750
1840|450
1844|248,432,683
1846|249
1847|518
1850|306,480,600,611,752
1852|9
1853|195
1854|468
1855|135
1856|82,167,351
1859|274,355,470,472,494,534,546,547,583,786,795
1861|2,3,499,641
1862|408
1865|22,27,78,117,176,202,356,386,463,509,510,547,581,582,583,592,613,626,679,680,726
1866|609,621
1868|487
1876|535,615
1884|75,197,211,269,641
1889|410,740
1890|469,689
1894|92,169,361,422
1895|624,675
1898|55,56,57,58,59,121,122,156,157,299,306,385,388,423,428,608,621
1907|530
1908|538
1911|91,606
1914|175,236,337
1917|23,34,72,143,166,251,290,302,304,310,322,323,328,330,340,352,356,361,397,399,404,438,447,461,470,471,478,495,528,552,553,554,555,556,577,604,605,629,653,654,655,656,716,721,732,739,740,741,742,743,757,790
1918|227,231,474,612,723
1920|203
1921|105,307,353,394,442,443,495,555,610,653,659
1927|441
1934|23,39,98,116,140,312,314,322,369,394,404,407,411,444,495,499,560,561,562,568,582,605,612,614,625,629,636,655,742,743
1935|479,643,793
1938|292,385
1939|389,565,607,607
1942|380
1943|539
1944|97,530
1946|315,470
1948|52,263,283,287,736
1950|530
1954|153,156,187
1955|297,491,511
1956|659
1957|117,401,425
1959|370,381
1960|236,500,581,611
1962|380,719
1963|534,762
1965|109
1966|79,658
1967|442
1972|511,727
1973|64,466,500,784
1975|450
1976|56,108,318,414,680,705,751
1978|80,281,355,746,765
1979|469,518
1981|35,36,37,38,59,108,197,200,256,260,261,262,266,271,274,277,279,280,348,394,400,463,517,518,542,545,546,588,594,707,778,795
1983|388,390
1986|46,47,48,82,113,114,198,199,219,434
1993|108,128,151,164,247,291,371,377,401,475,480,558,592,600,611,643,672,680,720,735,740,770
1996|479
1999|165
2000|172,501
2003|386,582,679
2010|157,592,619,746
2011|603,612,636,756
2012|383
2015|293
2018|776
2021|76,80,102,338,539,582,759
2028|697
2030|185,299,674
2038|157
2045|587
2046|172,501,606
2047|560