400|0|3|奉先刘少府新画山水障歌·杜甫
401|0|3|荆南兵马使太常卿赵公大食刀歌·杜甫
402|0|3|岳麓山道林二寺行·杜甫
403|0|2|怨上·王逸
404|0|3|途中酬李少府赠别之作·高适
405|0|3|客堂·杜甫
406|0|3|柴门·杜甫
407|0|3|赠李十五丈别·杜甫
408|0|3|种莴苣·杜甫
409|0|3|遣怀·杜甫
410|0|3|狄明府·杜甫
411|0|3|别张十三建封·杜甫
412|0|3|忝官引·元结
413|0|2|民劳·佚名
414|0|2|初放·东方朔
415|0|2|悯上·王逸
416|0|3|杂曲歌辞 悲歌·李白
417|0|2|湘君·屈原
418|0|3|杂曲歌辞 少年行三首 三·李白
419|0|3|杂曲歌辞 汉宫少年行·李益
420|0|3|八哀诗 故司徒李公光弼·杜甫
421|0|2|谷风·佚名
422|0|3|相和歌辞 采莲归·王勃
423|0|4|哨遍·苏轼
424|0|2|东山·佚名
425|0|2|巧言·佚名
426|0|2|江汉·佚名
427|0|2|常武·佚名
428|0|4|哨遍·苏轼
429|0|2|采薇·佚名
430|0|2|出车·佚名
431|0|2|六月·佚名
432|0|2|采芑·佚名
433|0|2|小明·佚名
434|0|3|执契静三边·太宗皇帝
435|0|3|相和歌辞 江南曲·温庭筠
436|0|3|杂曲歌辞 渭城少年行·崔颢
437|0|4|和门下殷侍郎新茶二十韵·徐铉
438|0|3|淇上酬薛三据兼寄郭少府微·高适
439|0|3|谒禹庙·徐浩
440|0|3|奉同郭给事汤东灵湫作·杜甫
441|0|3|晦日寻崔戢李封·杜甫
442|0|3|送樊二十三侍御赴汉中判官·杜甫
443|0|3|送从弟亚赴安西判官·杜甫
444|0|3|别蔡十四着作·杜甫
445|0|3|客居·杜甫
446|0|3|贻华阳柳少府·杜甫
447|0|3|送高司直寻封阆州·杜甫
448|0|3|咏怀二首 二·杜甫
449|0|3|题衡山县文宣王庙新学堂呈陆宰·杜甫
450|0|3|投赠哥舒开府二十韵·杜甫
451|0|3|上韦左相二十韵·杜甫
452|0|3|奉赠太常张卿二十韵·杜甫
453|0|3|奉赠鲜于京兆二十韵·杜甫
454|0|3|喜闻官军已临贼境二十韵·杜甫
455|0|3|寄李十二白二十韵·杜甫
456|0|3|遣闷奉呈严公二十韵·杜甫
457|0|3|赠崔十三评事公辅·杜甫
458|0|3|哭王彭州抡·杜甫
459|0|3|水宿遣兴奉呈群公·杜甫
460|0|3|送卢十四弟侍御护韦尚书灵榇归上都二十韵·杜甫
461|0|3|闲居秋怀寄阳翟陆赞府封丘高少府·贾至
462|0|3|家兄自山南罢归献诗叙事·韩翃
463|0|3|代书寄上裴六冀刘二颍·独孤及
464|0|2|小旻·佚名
465|0|2|何人斯·佚名
466|0|3|玉华仙子歌·李康成
467|0|6|气出唱 其二·曹操
468|0|4|抛球乐·柳永
469|0|3|舞曲歌辞 东海有勇妇·李白
470|0|3|苦雨寄房四昆季·高适
471|0|3|李云南征蛮诗·高适
472|0|3|酬孟武昌苦雪·元结
473|0|3|漫酬贾沔州·元结
474|0|2|招隐士·淮南小山
475|0|3|醉为马坠诸公携酒相看·杜甫
476|0|2|昭世·王褒
477|0|3|怀素上人草书歌·王??
478|0|3|相和歌辞 燕歌行·高适
479|0|3|横吹曲辞 长安道·韦应物
480|0|3|相和歌辞 饮马长城窟行·王翰
481|0|3|相和歌辞 宫怨·长孙佐辅
482|0|4|缘识 其三·宋太宗
483|0|3|渼陂行·杜甫
484|0|3|哀王孙·杜甫
485|0|3|病后遇王倚饮赠歌·杜甫
486|0|3|入奏行赠西山检察使窦侍御·杜甫
487|0|3|冬狩行·杜甫
488|0|6|短歌行 其二·曹操
489|0|2|株昭·王褒
490|0|2|通路·王褒
491|0|3|李潮八分小篆歌·杜甫
492|0|3|蔷薇诗一首十八韵呈东海侍郎徐铉·韩王从善
493|0|4|依韵和令公大王蔷薇诗·徐铉
494|0|3|相和歌辞 从军有苦乐行·李益
495|0|3|睢阳酬别畅大判官·高适
496|0|3|醉时歌·杜甫
497|0|3|义鹘·杜甫
498|0|3|两当县吴十侍御江上宅·杜甫
499|0|3|将适吴楚留别章使君留後兼幕府诸公得柳字·杜甫
500|0|3|太子张舍人遗织成褥段·杜甫
501|0|3|牵牛织女·杜甫
502|0|3|课伐木·杜甫
503|0|3|催宗文树鸡栅·杜甫
504|0|3|又上後园山脚·杜甫
505|0|3|昔游·杜甫
506|0|3|奉送王信州崟北归·杜甫
507|0|3|哭韦大夫之晋·杜甫
508|0|3|奉赠萧二十使君·杜甫
509|0|3|送相里郎中赴江西·独孤及
510|0|3|季冬自嵩山赴洛道中作·独孤及
511|0|1|尾·我是个蒸不烂煮不熟捶不匾炒不爆响当当一粒铜豌豆·关汉卿
512|0|3|相和歌辞 白头吟二首 一·李白
513|0|2|陶壅·王褒
514|0|2|召旻·佚名
515|0|5|沁园春·瞬息浮生·纳兰性德
516|0|3|句·後主煜
517|0|3|相和歌辞 白头吟·刘希夷
518|0|3|观公孙大娘弟子舞劒器行·杜甫
519|0|3|寄雍丘窦明府·韩翃
520|0|3|杂曲歌辞 从军中行路难二首 二·骆宾王
521|0|2|山鬼·屈原
522|0|2|甫田·佚名
523|0|3|春台望·明皇帝
524|0|3|鼓吹曲辞 将进酒·李白
525|0|3|相和歌辞 相逢行二首 一·李白
526|0|3|相和歌辞 东武吟·李白
527|0|3|杂曲歌辞 丽人行·杜甫
528|0|3|宋中送族侄式颜·高适
529|0|3|丽人行·杜甫
530|0|3|秋行官张请督促东渚耗稻向毕清晨遣女奴阿稽竖子阿段往问·杜甫
531|0|3|偪仄行赠毕曜·杜甫
532|0|2|采菽·佚名
533|0|2|文王有声·佚名
534|0|3|相和歌辞 苦辛行·戎昱
535|0|1|李云英风送梧桐叶·煞尾·李唐宾
536|0|5|茅斋·纳兰性德
537|0|3|相和歌辞 上留田·李白
538|0|3|沙苑行·杜甫
539|0|3|茅屋爲秋风所破歌·杜甫
540|0|1|双调·大德歌（四首）春·关汉卿
541|0|3|相和歌辞 怨歌行·吴少微
542|0|3|琴曲歌辞 飞鸢操·刘禹锡
543|0|3|相和歌辞 猛虎行·韩愈
544|0|3|杂曲歌辞 悲哉行·白居易
545|0|3|杂曲歌辞 妾薄命·刘元淑
546|0|3|杂曲歌辞 太行苦热行·刘长卿
547|0|3|杂曲歌辞 太行苦热行·独孤及
548|0|3|怀素上人草书歌·鲁收
549|0|4|酬郭先辈·徐铉
550|0|4|缘识 其一六·宋太宗
551|0|4|缘识 其三二·宋太宗
552|0|3|送浑将军出塞·高适
553|0|3|古乐府飞龙曲留上陈左相·高适
554|0|3|留上李右相·高适
555|0|3|饯宋八充彭中丞判官之岭南·高适
556|0|3|送高三十五书记·杜甫
557|0|3|醉歌行·杜甫
558|0|3|聪马行·杜甫
559|0|3|述怀一首·杜甫
560|0|3|新婚别·杜甫
561|0|3|垂老别·杜甫
562|0|3|无家别·杜甫
563|0|3|昔游·杜甫
564|0|3|发秦州·杜甫
565|0|3|遭田父泥饮美严中丞·杜甫
566|0|3|寄题江外草堂·杜甫
567|0|3|南池·杜甫
568|0|3|别唐十五诫因寄礼部贾侍郎·杜甫
569|0|3|古柏行·杜甫
570|0|3|雷·杜甫
571|0|3|阻雨不得归瀼西甘林·杜甫
572|0|3|雨·杜甫
573|0|3|甘林·杜甫
574|0|3|久雨期王将军不至·杜甫
575|0|3|敬寄族弟唐十八使君·杜甫
576|0|3|咏怀二首 一·杜甫
577|0|3|追酬故高蜀州人日见寄·杜甫
578|0|3|谒先主庙·杜甫
579|0|3|奉赠卢五丈参谋·杜甫
580|0|3|送李大夫赴广州·钱起
581|0|3|客舍月下对酒醉後寄毕四燿·独孤及
582|0|3|詶梁二十宋中所赠兼留别梁少府·独孤及
583|0|3|奉和李大夫同吕评事太行苦热行兼寄院中诸公·独孤及
584|0|4|缘识 其二二·宋太宗
585|0|3|忆昔行·杜甫
586|0|2|殷武·佚名
587|0|2|橘颂·屈原
588|0|1|草桥店梦莺莺(第四本)·络丝娘·王实甫
589|0|2|天保·佚名
590|0|3|送李湜下第归卫州便游河北·韩翃
591|0|4|六州歌头·李冠
592|0|3|官渡柳歌送李员外承恩往扬州觐省·独孤及
593|0|2|思忠·王褒
594|0|4|六州歌头·刘潜
595|0|2|小宛·佚名
596|0|2|信南山·佚名
597|0|2|尊嘉·王褒
598|0|2|伐木·佚名
599|0|2|頍弁·佚名