600|0|3|相和歌辞 饮马长城窟行·袁朗
601|0|3|杂曲歌辞 长干行二首 一·李白
602|0|4|六州歌头·李冠
603|0|4|雪中驾幸敝庐恭纪·赵普
604|0|3|奉酬北海李太守丈人夏日平阴亭·高适
605|0|3|宋中遇林卢杨十七山人因而有别·高适
606|0|3|暇日小园散病将种秋菜督勒耕牛兼书触目·杜甫
607|0|3|览柏中允兼子侄数人除官制词因述父子兄弟四美载歌丝纶·杜甫
608|0|3|赠苏四徯·杜甫
609|0|3|湘江宴饯裴二端公赴道州·杜甫
610|0|3|奉赠李八丈判官·杜甫
611|0|3|巴陵早秋寄荆州崔司马吏部阎功曹舍人·贾至
612|0|3|招陶别驾家阳华作·元结
613|0|3|癸卯岁赴南丰道中闻京师失守寄权士繇韩幼深·独孤及
614|0|3|杂曲歌辞 远别离·李白
615|0|1|李云英风送梧桐叶·赚煞·李唐宾
616|0|4|西湖念语·欧阳修
617|0|4|夜半乐·柳永
618|0|2|大司命·屈原
619|0|4|杨照承议芦雁枕屏·毕士安
620|0|3|饮中八仙歌·杜甫
621|0|3|苏端薛复筵简薛华醉歌·杜甫
622|0|3|寄韩谏议·杜甫
623|0|3|忆昔二首 二·杜甫
624|0|3|狂歌行赠四兄·杜甫
625|0|3|别泛水县尉·韩翃
626|0|3|和李尚书画射虎图歌·独孤及
627|0|2|巷伯·佚名
628|0|1|南吕·四块玉闲适（四首）·关汉卿
629|0|1|越调·黄蔷薇过庆元贞燕燕别无甚孝顺·高克礼
630|0|4|夜半乐·柳永
631|0|2|黄鸟·佚名
632|0|2|大田·佚名
633|0|4|缘识  其四三·宋太宗
634|0|2|少司命·屈原
635|0|4|多丽·聂冠卿
636|0|3|相逢歌赠严二别驾·杜甫
637|0|2|伐檀·佚名
638|0|4|轮台子·柳永
639|0|4|龙子祠农人享神·王士元
640|0|4|玉女摇仙佩·柳永
641|0|3|桃竹杖引赠章留後·杜甫
642|0|2|危俊·王褒
643|0|3|横吹曲辞 幽州胡马客歌·李白
644|0|3|相和歌辞 短歌行二首 二·白居易
645|0|3|相和歌辞 北上行·李白
646|0|3|琴曲歌辞  秋思二首 一·鲍溶
647|0|3|杂曲歌辞 西洲曲·温庭筠
648|0|3|杂曲歌辞 长干行二首 二·李白
649|0|3|酬于侍郎湖南见寄十四韵·包佶
650|0|4|依韵奉和千叶玫瑰之什·李昉
651|0|4|缘识 其九·宋太宗
652|0|3|遇风雨作·皇甫曾
653|0|3|和贺兰判官望北海作·高适
654|0|3|东平路中遇大水·高适
655|0|3|别韦参军·高适
656|0|3|奉酬睢阳路太守见赠之作·高适
657|0|3|喜晴·杜甫
658|0|3|送率府程录事还乡·杜甫
659|0|3|送长孙九侍御赴武威判官·杜甫
660|0|3|留花门·杜甫
661|0|3|新安吏·杜甫
662|0|3|万丈潭·杜甫
663|0|3|凤凰台·杜甫
664|0|3|木皮岭·杜甫
665|0|3|谒文公上方·杜甫
666|0|3|山寺·杜甫
667|0|3|四松·杜甫
668|0|3|杜鹃·杜甫
669|0|3|赠郑十八贲·杜甫
670|0|3|火·杜甫
671|0|3|毒热寄简崔评事十六弟·杜甫
672|0|3|王兵马使二角鹰·杜甫
673|0|3|冬日洛城北谒玄元皇帝庙·杜甫
674|0|3|奉汉中王手札·杜甫
675|0|3|回櫂·杜甫
676|0|3|杜鹃行·杜甫
677|0|3|与党侍御·元结
678|0|3|送万巨·韩翃
679|0|3|夏中詶于逖毕燿问病见赠·独孤及
680|0|3|初晴抱琴登马退山对酒望远醉後作·独孤及
681|0|4|浪淘沙·柳永
682|0|4|破阵乐·张先
683|0|3|天育骠骑歌·杜甫
684|0|1|钱大尹智宠谢天香·醉太平·关汉卿
685|0|3|鶺鴒颂·明皇帝
686|0|2|角弓·佚名
687|0|4|破阵乐·柳永
688|0|2|北山·佚名
689|0|2|行苇·佚名
690|0|3|杂曲歌辞 行路难·崔颢
691|0|3|燕歌行·屈同仙
692|0|2|无羊·佚名
693|0|2|蓼莪·佚名
694|0|2|棠棣·佚名
695|0|2|既醉·佚名
696|0|3|鼓吹曲辞 芳树·罗隐
697|0|3|相和歌辞 张静婉采莲曲·温庭筠
698|0|4|六州·和岘
699|0|4|合宫歌·赵祯
700|0|2|车攻·佚名
701|0|2|四月·佚名
702|0|2|白华·佚名
703|0|2|凫鹥·佚名
704|0|6|短歌行 其一·曹操
705|0|3|初入秦川路逢寒食·明皇帝
706|0|3|相和歌辞 春江花月夜·温庭筠
707|0|3|相和歌辞 采菱行·刘禹锡
708|0|3|杂曲歌辞 缓歌行·李颀
709|0|3|杂曲歌辞 浩歌行·白居易
710|0|3|杂曲歌辞 行路难·李颀
711|0|3|怀素上人草书歌·朱逵
712|0|4|题义门胡氏华林书院·何蒙
713|0|4|缘识 其二·宋太宗
714|0|4|缘识 其三五·宋太宗
715|0|4|缘识 其一·宋太宗
716|0|3|古大梁行·高适
717|0|3|乐游园歌·杜甫
718|0|3|哀江头·杜甫
719|0|3|阌乡姜七少府设脍戏赠长歌·杜甫
720|0|3|瘦马行·杜甫
721|0|3|陪王侍御同登东山最高顶宴姚通泉晚携酒泛江·杜甫
722|0|3|锦树行·杜甫
723|0|3|说洄溪招退者·元结
724|0|3|送夏侯侍郎·韩翃
725|0|3|送中兄典邵州·韩翃
726|0|3|自东都还濠州奉酬王八谏议见赠·独孤及
727|0|1|梁州·我是个普天下郎君领袖·关汉卿
728|0|4|十二时?忆少年·柳永
729|0|6|度关山·曹操
730|0|6|气出唱 其一·曹操
731|0|2|东君·屈原
732|0|3|酬庞十兵曹·高适
733|0|2|駉·佚名
734|0|3|鼓吹曲辞 鼓吹铙歌 吐谷浑·柳宗元
735|0|3|相和歌辞 门有车马客行·李白
736|0|3|相和歌辞 决绝[词]三首 二·元稹
737|0|4|笛家弄?笛家·柳永
738|0|4|缘识 其一·宋太宗
739|0|3|效古赠崔二·高适
740|0|3|东平留赠狄司马·高适
741|0|3|过卢明府有赠·高适
742|0|3|宋中别周梁李三子·高适
743|0|3|酬别薛三蔡大留简韩十四主簿·高适
744|0|3|宝林寺作·徐浩
745|0|3|园官送茶·杜甫
746|0|3|聂耒阳以仆阻水书致酒肉疗饥荒江诗得代怀兴尽本韵至县呈聂令陆路去方田驿四十里舟行一日时属江涨泊於方田·杜甫
747|0|3|送褚大落第东归·钱起
748|0|3|送李四擢第归觐省·钱起
749|0|3|归义寺题震上人壁·钱起
750|0|3|窊尊诗·元结
751|0|2|车舝·佚名
752|0|2|载芟·佚名
753|0|1|钱大尹智宠谢天香·油葫芦·关汉卿
754|0|4|十二时?忆少年·和岘
755|0|4|送征衣·柳永
756|0|4|引驾行·柳永
757|0|3|同河南李少尹毕员外宅夜饮时洛阳告捷遂作春酒歌·高适
758|0|4|迷仙引·关咏
759|0|3|鼓吹曲辞 有所思·卢仝
760|0|4|洞仙歌·柳永
761|0|4|洞仙歌·柳永
762|0|2|小戎·佚名
763|0|3|相和歌辞 胡无人行·李白
764|0|3|杂曲歌辞 北风行·李白
765|0|2|柏舟·佚名
766|0|2|南山有台·佚名
767|0|2|都人士·佚名
768|0|6|对酒·曹操
769|0|3|鼓吹曲辞 将进酒·李贺
770|0|3|相和歌辞 门有车马客行·虞世南
771|0|3|杂曲歌辞 春日行·李白
772|0|4|凤归云·柳永
773|0|4|洞仙歌·柳永
774|0|2|黍离·佚名
775|0|6|善哉行 其二·曹操
776|0|3|片玉篇·钱起
777|0|3|秋霖曲·钱起
778|0|3|鼓吹曲辞 战城南·李白
779|0|3|琴曲歌辞 霹雳引·沈佺期
780|0|3|杂曲歌辞 出自蓟北门行·李白
781|0|3|杂曲歌辞 行路难·张紘
782|0|3|玛瑙杯歌·钱起
783|0|3|贼退示官吏·元结
784|0|3|九成宫·杜甫
785|0|3|石犀行·杜甫
786|0|6|苦寒行·曹操
787|0|6|塘上行·曹操
788|0|1|诈妮子调风月·圣药王·关汉卿
789|0|1|双调·蟾宫曲怀古·查德卿
790|0|3|太子纳妃太平公主出降·高宗皇帝
791|0|3|过晋阳宫·明皇帝
792|0|3|巡省途次上党旧宫赋·明皇帝
793|0|3|横吹曲辞 关山月·长孙佐辅
794|0|3|相和歌辞 从军行·乔知之
795|0|3|相和歌辞 苦战远征人·鲍溶
796|0|3|相和歌辞 东门行·柳宗元
797|0|3|相和歌辞 放歌行·王昌龄
798|0|3|杂曲歌辞 妾薄命·武平一
799|0|3|杂曲歌辞 侠客行·李白