0|0|3|咏鹅·骆宾王
1|0|3|风·李峤
2|0|3|咏柳·贺知章
3|0|3|回乡偶书·贺知章
4|0|3|凉州词·黄河远上白云间·王之涣
5|0|3|登鹳雀楼·王之涣
6|0|3|春晓·孟浩然
7|0|3|凉州词·葡萄美酒夜光杯·王翰
8|0|3|出塞·王昌龄
9|0|3|芙蓉楼送辛渐·王昌龄
10|0|3|鹿柴·王维
11|0|3|送元二使安西·王维
12|0|3|九月九日忆山东兄弟·王维
13|0|3|相思·王维
14|0|3|画·王维
15|0|3|静夜思·李白
16|0|3|古朗月行（节选）·李白
17|0|3|望庐山瀑布·李白
18|0|3|赠汪伦·李白
19|0|3|黄鹤楼送孟浩然之广陵·李白
20|0|3|早发白帝城·李白
21|0|3|望天门山·李白
22|0|3|独坐敬亭山·李白
23|0|3|别董大·高适
24|0|3|绝句·两个黄鹂鸣翠柳·杜甫
25|0|3|春夜喜雨·杜甫
26|0|3|绝句·迟日江山丽·杜甫
27|0|3|江畔独步寻花·杜甫
28|0|3|江南逢李龟年·杜甫
29|0|3|游子吟·孟郊
30|0|3|江雪·柳宗元
31|0|3|寻隐者不遇·贾岛
32|0|3|枫桥夜泊·张继
33|0|3|渔歌子·张志和
34|0|3|塞下曲·月黑雁飞高·卢纶
35|0|3|望洞庭·刘禹锡
36|0|3|浪淘沙·九曲黄河万里沙·刘禹锡
37|0|3|乌衣巷·刘禹锡
38|0|3|秋词·刘禹锡
39|0|3|赋得古原草送别（节选）·白居易
40|0|3|池上·白居易
41|0|3|忆江南·白居易
42|0|3|暮江吟·白居易
43|0|3|小儿垂钓·胡令能
44|0|3|悯农·春种一粒粟·李绅
45|0|3|悯农·锄禾日当午·李绅
46|0|3|山行·杜牧
47|0|3|清明·杜牧
48|0|3|江南春·杜牧
49|0|3|蜂·罗隐
50|0|4|江上渔者·范仲淹
51|0|4|元日·王安石
52|0|4|泊船瓜洲·王安石
53|0|4|书湖阴先生壁·王安石
54|0|4|梅花·王安石
55|0|4|六月二十七日望湖楼醉书·苏轼
56|0|4|饮湖上初晴后雨·苏轼
57|0|4|惠崇春江晚景·苏轼
58|0|4|题西林壁·苏轼
59|0|4|赠刘景文·苏轼
60|0|4|夏日绝句·李清照
61|0|4|示儿·陆游
62|0|4|秋夜将晓出篱门迎凉有感·陆游
63|0|4|冬夜读书示子聿·陆游
64|0|4|四时田园杂兴·昼出耘田夜绩麻·范成大
65|0|4|小池·杨万里
66|0|4|晓出净慈寺送林子方·杨万里
67|0|4|宿新市徐公店·杨万里
68|0|4|春日·朱熹
69|0|4|题临安邸·林升
70|0|4|游园不值·叶绍翁
71|0|4|乡村四月·翁卷
72|0|5|村居·高鼎
73|0|5|墨梅·王冕
74|0|5|石灰吟·于谦
75|0|5|竹石·郑燮
76|0|5|所见·袁枚
77|0|5|己亥杂诗·九州生气恃风雷·龚自珍
78|0|5|题秋江独钓图·王士祯
79|0|5|长相思·山一程·纳兰性德
80|0|5|舟夜书所见·查慎行
81|0|4|村行·王禹偁
82|0|3|牧童·吕岩
83|0|3|题都城南庄·崔护
84|0|2|关雎·佚名
85|0|2|蒹葭·佚名
86|0|6|观沧海·曹操
87|0|6|龟虽寿·曹操
88|0|6|饮酒·结庐在人境·陶渊明
89|0|6|归园田居·种豆南山下·陶渊明
90|0|6|木兰诗·北朝民歌
91|0|6|敕勒歌·北朝民歌
92|0|3|送杜少府之任蜀州·王勃
93|0|3|登幽州台歌·陈子昂
94|0|3|次北固山下·王湾
95|0|3|使至塞上·王维
96|0|3|闻王昌龄左迁龙标遥有此寄·李白
97|0|3|行路难·金樽清酒斗十千·李白
98|0|3|宣州谢朓楼饯别校书叔云·李白
99|0|3|春夜洛城闻笛·李白
100|0|3|望岳·杜甫
101|0|3|春望·杜甫
102|0|3|茅屋为秋风所破歌·杜甫
103|0|3|石壕吏·杜甫
104|0|3|客至·杜甫
105|0|3|白雪歌送武判官归京·岑参
106|0|3|早春呈水部张十八员外·韩愈
107|0|3|左迁至蓝关示侄孙湘·韩愈
108|0|3|酬乐天扬州初逢席上见赠·刘禹锡
109|0|3|观刈麦·白居易
110|0|3|钱塘湖春行·白居易
111|0|3|卖炭翁·白居易
112|0|3|雁门太守行·李贺
113|0|3|赤壁·杜牧
114|0|3|泊秦淮·杜牧
115|0|3|夜雨寄北·李商隐
116|0|3|无题·相见时难别亦难·李商隐
117|0|0|相见欢·无言独上西楼·李煜
118|0|4|渔家傲·塞下秋来风景异·范仲淹
119|0|4|浣溪沙·一曲新词酒一杯·晏殊
120|0|4|登飞来峰·王安石
121|0|4|江城子·密州出猎·苏轼
122|0|4|水调歌头·明月几时有·苏轼
123|0|4|游山西村·陆游
124|0|4|十一月四日风雨大作·陆游
125|0|4|破阵子·为陈同甫赋壮词以寄之·辛弃疾
126|0|4|西江月·夜行黄沙道中·辛弃疾
127|0|4|过零丁洋·文天祥
128|0|1|天净沙·秋思·马致远
129|0|1|山坡羊·潼关怀古·张养浩
130|0|5|己亥杂诗·浩荡离愁白日斜·龚自珍
131|0|5|满江红·小住京华·秋瑾
132|0|2|静女·佚名
133|0|2|氓·佚名
134|0|2|采薇·节选·佚名
135|0|2|离骚·节选·屈原
136|0|2|湘夫人·节选·屈原
137|0|6|短歌行·曹操
138|0|6|归园田居·少无适俗韵·陶渊明
139|0|3|蜀道难·李白
140|0|3|梦游天姥吟留别·李白
141|0|3|将进酒·李白
142|0|3|越中览古·李白
143|0|3|登高·杜甫
144|0|3|秋兴八首·其一·杜甫
145|0|3|咏怀古迹·其三·杜甫
146|0|3|旅夜书怀·杜甫
147|0|3|琵琶行（节选）·白居易
148|0|3|长恨歌（节选）·白居易
149|0|3|李凭箜篌引·李贺
150|0|3|锦瑟·李商隐
151|0|3|马嵬·其二·李商隐
152|0|0|虞美人·春花秋月何时了·李煜
153|0|4|雨霖铃·寒蝉凄切·柳永
154|0|4|望海潮·东南形胜·柳永
155|0|4|桂枝香·金陵怀古·王安石
156|0|4|念奴娇·赤壁怀古·苏轼
157|0|4|定风波·莫听穿林打叶声·苏轼
158|0|4|鹊桥仙·纤云弄巧·秦观
159|0|4|声声慢·寻寻觅觅·李清照
160|0|4|醉花阴·薄雾浓云愁永昼·李清照
161|0|4|书愤·陆游
162|0|4|永遇乐·京口北固亭怀古·辛弃疾
163|0|4|水龙吟·登建康赏心亭·辛弃疾
164|0|4|扬州慢·淮左名都·姜夔
165|0|4|一剪梅·红藕香残玉簟秋·李清照
166|0|3|燕歌行·高适
167|0|3|春江花月夜·张若虚
168|0|3|黄鹤楼·崔颢
169|0|3|滕王阁诗·王勃
170|0|6|长歌行·汉乐府
171|0|6|江南·汉乐府
172|0|6|迢迢牵牛星·佚名
173|0|6|七步诗·曹植
174|0|4|正气歌（节选）·文天祥
175|0|5|木兰词·拟古决绝词柬友·纳兰性德
176|0|5|浣溪沙·谁念西风独自凉·纳兰性德
177|0|4|青玉案·元夕·辛弃疾
178|0|4|菩萨蛮·书江西造口壁·辛弃疾
179|0|4|丑奴儿·书博山道中壁·辛弃疾
180|0|4|如梦令·常记溪亭日暮·李清照
181|0|4|如梦令·昨夜雨疏风骤·李清照
182|0|4|武陵春·春晚·李清照
183|0|4|满江红·怒发冲冠·岳飞
184|0|4|小重山·昨夜寒蛩不住鸣·岳飞
185|0|4|钗头凤·红酥手·陆游
186|0|4|卜算子·咏梅·陆游
187|0|4|念奴娇·过洞庭·张孝祥
188|0|1|山坡羊·骊山怀古·张养浩
189|0|1|摸鱼儿·雁丘词·元好问
190|0|1|天净沙·春·白朴
191|0|1|天净沙·秋·白朴
192|0|1|山坡羊·叹世·陈草庵
193|0|1|卖花声·怀古·张可久
194|0|1|水仙子·夜雨·徐再思
195|0|1|折桂令·春情·徐再思
196|0|5|临江仙·滚滚长江东逝水·杨慎
197|0|3|竹枝词·刘禹锡
198|0|3|遣怀·杜牧
199|0|3|秋夕·杜牧