1|788,789,869,1066
3|523,1082
8|36,37,66,229,263,314,322,378,510,536,578,724,885,946,956
10|274
12|270
14|655,899,1154,1159,1160
16|815
17|1167,1186
18|543,729
21|28,43,136,199,202,219,251,291,384,480,553,554,597,610,631,664,665,676,692,703,757,853,926,966,1054,1069,1124,1126,1144
22|29,84,221,287,1148
23|224,332,337,470,474,533,590,591,647,869,963,1066
24|108
28|62,67,70,106,107,144,168,178,179,182,184,187,189,190,201,202,207,246,254,257,259,287,292,299,322,330,345,351,411,416,423,424,435,436,440,451,487,490,495,497,526,528,540,555,563,568,575,670,674,690,692,720,760,771,779,782,790,824,830,831,898,898,905,908,915,918,927,928,941,944,951,966,968,975,981,984,989,1015,1037,1047,1060,1063,1097,1106,1106,1118,1120,1141,1185,1186,1188,1189,1195
29|664
32|78
33|26,102,157,275,389,467,522
34|8,9,11,13,33,55,56,73,92,93,118,173,183,214,218,228,256,295,298,313,317,352,353,365,369,418,419,432,437,438,445,502,503,506,559,568,680,682,694,696,839,843,920,923,971,984,995,1045,1048,1130,1131,1133
36|778
39|135,138,250,286,339,340,341,342,343,383,400,401,475,536,649,724,726,741,787,791,796,949,1004,1105
42|61,790
43|800
44|445,509,577
45|146,426,481,497,533,540,616,647,745,767,844,873,891,962,974,985,1091,1093,1094,1099,1101,1177
46|219,693
47|427,1030,1103,1104
48|1188
50|428,1153,1181
52|846,1005,1048
56|194,287,536,606,960,1083
57|497,674,825,925,978,982,1040,1053,1123,1126
58|3,609
60|14,15,69,85,88,93,109,135,136,137,138,139,140,141,161,164,168,169,196,197,198,223,235,245,246,247,248,249,250,285,286,287,288,289,290,323,339,340,341,342,343,344,345,346,363,385,399,400,401,402,403,404,405,406,445,454,455,457,475,476,477,478,479,480,481,482,483,513,516,524,535,536,537,538,539,540,541,542,543,544,545,546,559,580,585,591,594,598,599,600,601,602,603,619,632,635,642,649,650,651,652,653,654,655,656,657,658,659,660,661,707,712,724,725,726,727,728,729,730,731,732,733,734,735,736,737,738,739,740,741,791,792,793,794,795,796,797,798,799,800,801,802,803,804,805,806,807,849,872,873,874,875,876,877,878,879,880,881,882,883,884,885,886,887,888,889,890,949,950,951,952,953,954,955,956,957,958,959,960,961,962,963,1016,1017,1018,1019,1020,1021,1022,1023,1024,1074,1075,1076,1077,1078,1079,1080,1081,1082,1083,1084,1085,1086,1087,1137,1146,1153,1154,1155,1156,1157,1158,1159,1160,1161,1162,1163,1164,1165,1166,1167,1168,1169,1170,1171,1172,1173,1174,1175
64|1,13,20,22,35,45,58,59,62,70,71,72,75,88,92,110,117,145,149,150,150,176,178,199,206,207,208,242,255,258,259,270,297,299,301,301,302,315,317,335,356,356,374,402,420,472,473,486,491,494,504,505,572,573,575,576,606,617,629,640,663,677,688,689,753,766,772,813,829,841,841,844,845,850,895,901,912,969,1034,1097,1109,1110,1122,1127,1135,1190
66|2,5,8,11,17,19,20,22,24,29,33,34,35,36,41,42,47,55,56,57,58,61,62,64,67,70,72,73,74,76,80,81,90,93,96,101,110,111,112,113,114,119,120,124,127,130,131,136,146,148,149,151,152,153,154,160,172,173,174,175,177,178,181,183,186,188,190,195,205,208,209,211,212,213,214,215,217,218,219,224,225,230,231,256,257,259,260,264,265,266,268,272,274,277,279,296,297,298,299,301,303,305,306,307,308,310,311,312,313,314,315,316,328,332,338,354,355,356,358,359,360,361,362,363,364,365,366,367,368,369,371,372,373,381,391,393,394,406,419,420,421,422,423,424,428,429,431,432,433,434,436,437,438,440,442,444,446,449,450,471,489,490,491,492,494,495,496,498,500,502,506,508,509,519,522,527,531,532,556,559,560,562,563,564,565,567,568,571,573,574,577,581,583,587,589,591,597,602,603,609,618,619,620,621,622,623,624,625,626,627,628,668,676,688,689,690,691,692,693,694,695,696,699,700,701,702,703,713,754,766,767,768,769,770,796,807,827,842,843,844,846,849,859,890,922,927,928,929,933,938,980,982,994,997,1007,1010,1035,1037,1057,1058,1136,1139
67|201
68|29,192,332,511,858,934,1000
69|88,91,109,174,470,1095,1148
72|146,1034
74|373,378,379,1090,1092
75|137,179,218,313,324,422,488,490,556,698,733,753,767,800,824,837,846,918,921,922,924,931,972,973,1059,1117
76|372,628,1055,1104
77|165,180,180,189,253,336,350,398,403,412,427,464,542,550,554,566,566,611,631,667,744,755,822,867,875,909,943,976,1018,1071,1112,1131,1150,1193
78|1080
81|38,57,63,78,86,91,92,99,128,145,159,163,175,221,231,249,253,258,271,284,301,302,315,316,343,373,390,431,439,468,481,504,626,633,679,683,715,738,740,762,765,775,785,808,822,823,876,899,903,918,950,988,991,1046,1055,1088,1090,1091,1092,1104,1119,1144
82|136,533,707,786,949
83|19,34,38,54,63,65,74,78,82,86,91,92,99,102,128,145,153,154,159,163,164,175,186,210,221,231,235,239,242,249,253,271,282,284,301,302,315,332,342,343,351,358,368,373,390,391,396,397,439,453,457,475,488,507,514,516,626,633,636,646,683,706,708,715,740,762,765,775,785,802,822,823,858,870,899,918,934,941,958,975,988,991,1055,1059,1063,1104,1119,1120,1154,1190,1192
84|91,145,810,1032
86|540,651,665,874,1072,1151,1152
87|754
88|883
92|292,481,484,608
93|1072,1151,1152
94|219,1086,1107
96|553,683,732,765,837,921,922,988,1052,1055,1166,1181
98|603,797
100|396
101|76,317,323,450,503,506
102|481
106|18,68,132,300,390,455,463,464,520,783,935,1034,1110
110|38,326,381,387,1137
112|213,787,1004,1138,1157
116|481,1011
119|653,875,1162
120|382,431,433,500,633,966
122|90,573,673,914
124|3
125|469
126|292
128|330,718
129|659,738
130|108,176,514,798,808,888,897,1030,1085,1090,1184
131|71,1096,1097,1100,1182,1195
133|309,567,637,746,900,917,920,940,967,1180
134|58,486,509,576,773
135|93,547,662,663,742,743,744,745,808,809,810,891,892,893,894,895,896,897,964,965,1025,1026,1027,1028,1029,1030,1088,1089,1090,1091,1092,1093,1094,1095,1096,1097,1098,1099,1100,1101,1102,1103,1104,1132,1176,1177,1178,1179,1180,1181,1182,1183,1184
136|84,148,742,891,897,917,1088,1090,1101,1103,1143,1177
137|17,30,49,50,99,122,125,156,159,184,227,279,328,466,493,520,521,586,593,637,710,1103
138|121,152,506,678,699,700,1159,1182
139|2,5,8,41,111,148,289,392,561,711,808,945,1025,1176
140|732
141|2,3,5,8,9,11,14,20,21,24,36,44,50,51,60,61,62,68,70,71,80,84,85,86,88,93,95,107,115,116,117,118,119,128,131,134,134,135,145,147,152,155,158,160,161,174,178,196,205,206,210,211,215,217,232,233,243,250,255,256,259,260,261,263,264,268,279,283,284,297,299,300,302,308,309,310,312,315,318,319,323,324,325,326,327,329,331,336,364,365,367,368,370,371,373,377,380,383,386,393,404,408,413,419,420,423,424,425,426,430,431,433,434,435,440,441,444,452,454,455,457,460,468,469,474,488,489,490,493,495,501,506,512,514,514,519,527,529,533,541,563,567,570,573,595,596,601,620,623,635,636,637,644,647,651,668,669,671,684,690,692,694,695,699,700,701,702,705,706,707,708,718,719,725,729,739,743,744,756,768,770,771,775,778,783,786,790,810,825,832,846,849,854,859,861,863,866,869,896,915,926,928,930,935,939,941,948,972,982,994,995,997,999,1001,1002,1009,1010,1011,1012,1057,1061,1065,1066,1094,1096,1117,1134,1145,1152,1161,1181,1188
142|1062
143|131
144|40,57,114,173,375,681,808,833,868,940,947,948,973,1134,1145,1151,1152,1172
145|142,177,201,604,640,747,788,815,919,1112,1138
146|662,893,965,1026,1027,1095,1178
147|31,105,150,173,300,320,353,362,468,514,552,583,689,809,861,864,895,906,944,1028,1030,1065,1115,1142,1143
148|12,199,305,339,347,418,612,613,817,838,1054
150|849
154|571,919
155|18,30,38,51,68,79,86,132,170,171,259,279,282,328,332,386,390,408,416,436,447,453,454,455,456,462,464,466,474,520,521,523,579,596,633,636,645,705,710,712,723,755,764,806,858,861,864,869,905,924,934,935,936,998,1026,1047,1061,1098,1142
156|33,318,364,414,414,745,756,779,832,891,919,964,1039,1091,1093,1094,1099,1101,1177
158|22,59,75,338,367,376,442,481,504,504,533,597,647,720,721,722,723,746,760,787,804,813,815,853,867,868,894,896,943,944,971,1004,1004,1005,1006,1007,1008,1009,1010,1064,1065,1088,1138,1139,1140,1141,1142,1143,1144,1145,1146
159|753,825,1126
160|25,38,47,65,67,82,107,125,126,127,129,130,133,190,195,225,231,235,239,240,272,321,324,325,326,334,380,383,384,391,394,396,447,450,451,453,581,595,634,646,705,706,709,776,857,940
164|104,227,338,476,488,529,531,533,679,689,720,721,722,723,830,855,867,918,929,943,962,963,1006,1007,1008,1010,1021,1044,1064,1071,1139,1140,1141,1156,1196
165|756,832
173|451
174|27,30,46,777,862
178|49,50,87,103,184,222,227,251,280,405,460,474,476,639,721,780,788,789,869,876,936,963,1009,1066,1069,1073,1077,1150,1156
183|721
184|223
185|191,459,466,525,579,777
186|12,22,43,59,68,75,76,83,84,103,132,138,140,169,251,278,280,291,319,329,330,338,387,447,456,462,476,512,533,597,647,653,664,665,668,720,721,722,723,728,730,746,786,787,788,855,867,868,878,893,896,900,942,943,944,961,966,967,1004,1005,1006,1007,1008,1009,1010,1031,1064,1065,1094,1138,1139,1140,1141,1142,1143,1144,1145,1146,1153,1166,1177,1181,1190
188|257,345
189|1058
192|1088
196|560,721,1083
197|1042,1092
198|80,224,527,596,597
199|773
201|25,609,670,671,755,757,814,820,1039,1117,1128
203|28,704,1000,1068,1078
207|302,318,466
209|31,33,97,145,149,150,172,173,216,256,288,300,353,369,419,429,431,433,459,468,552,559,640,689,826,831,929,944,1102,1142,1187
210|107,123,141,222,223,224,395,396,442,525,595,628,813
211|548
213|11,16,21,60,97,116,119,120,143,152,263,265,267,268,312,314,315,329,352,366,369,370,400,434,501,610,624,664,693,768,813,816,834,839,840,904,976,977,986,989,1050,1057,1119,1129,1130,1131,1143,1183,1194
218|63,86,99,159,163,271,284,653,730,740,752,762,765,785,821,822,852,958,976,1031,1117,1128,1129
221|100,145,184,236,273,937
224|166,233,242,397,398,838,947,1068,1073,1148,1152
225|93,219,363,445,559,895,932,1097
226|595
227|14,76,577,731,766,910,1179
228|3,49,100,413,417,428,443,491,535,557,558,572,614,633,675,757,759,800,826,909,1012,1038,1056,1068,1122,1194,1197
233|58,75,182,268,576
234|41,109,300,494,608,749,813,818
237|2,5,8,20,91,180,205,208,230,267,354,358,366,367,430,468,489,490,632,643,775,1149,1180
238|27,28,189,243,322
244|241,257,330,528,915,1175
246|105,228,275,320,583,711,869,1136
249|764
251|494,623,1037
252|196,197,213,227,269,272,317,318,345,404,482,505,545,633,657,660,692,701,709,737,765,801,931,957,1167
254|970
256|125,194,384,523,524,525,606,857,938,1071
257|192,257
260|158,398,733
261|386
264|808,1090,1091,1092,1190
265|478,644,654,804,880,886,1191
267|15,69,109,135,136,245,246,285,288,340,399,401,538,539,598,649,725,793,794,872,937,945,949,1016
270|47,588,704,711
271|139,196,198,245,248,286,287,402,477,480,481,482,540,658,728,733,736,792,804,878,878,881,885,890,955,957,961,1017,1019,1078,1079,1080,1153,1164,1165,1170,1175
276|52,143,348,407,547,662,663,742,743,744,745,808,809,810,891,892,893,894,895,896,897,964,965,1025,1026,1027,1028,1029,1030,1088,1089,1090,1091,1092,1093,1094,1095,1096,1097,1098,1099,1100,1101,1102,1103,1104,1120,1132,1176,1177,1178,1179,1180,1181,1182,1183,1184
277|420,619,625,766
278|883
280|970
282|235
283|57,85,327,354,386,458,481,637,656,733,929,960
284|17,38,66,67,68,83,84,107,129,130,131,133,158,187,189,190,195,229,230,240,241,321,322,333,334,387,394,395,396,452,471,510,512,517,523,529,531,587,594,595,634,705,708,713,716,784,860,867,900,935,1000,1004,1007,1008,1086,1137,1141
285|63,77,81,159,191,220,231,274,276,331,332,337,380,381,449,470,511,512,525,526,527,633,635,714,779,785,858,934,1010,1137
286|493,557,1153,1175
290|704,1000
292|141,143,293,347,407,410,685,812
294|867
297|60,161,185,245,309,446,480,524,538,550,620,620,669,671,681,707,781,793,929,938,949,973,985,995,1028,1029,1099,1118,1128,1154,1170
300|28,76,145,274,317,323,450,460,503,506,536,707,879,1107,1185
301|899,1160
304|1001
306|35,258,372,626,937
307|560,721,1083
308|152,873
311|80,457,706
312|46,862
313|28,39,77,79,83,84,122,123,191,223,279,280,318,327,328,386,449,458,463,464,520,521,525,579,594,606,636,637,706,708,710,714,758,776,783,936,984,998,1062,1136
314|113,114,121,151,180,203,208,210,213,258,262,302,304,305,308,309,310,311,357,360,362,421,422,423,426,427,428,429,443,490,492,493,496,497,498,562,563,619,621,622,629,643,690,767,785,844,910,914,927,928,985,994,1049
316|222,338,736,746,967
317|67,127,130,190,321,383,447,589,784,859
320|1136
323|127,334,447,471,1139
324|10,78,100,123,184,221,222,223,224,227,233,236,273,276,318,389,470,519,598,937,1185
327|39,51,101,134,167,284,337,398,530,531,532,596,719,866,942,1008,1012,1146
328|292
329|591
330|1110
333|52,91,101,134,204,217,219,242,251,269,302,427,440,616,631,640,694,866,907,910,914,958,983,988,993,1125,1160,1199
335|88,138,483,794,806,962,1022,1084,1090,1157,1174
339|24,221,471,514,592
341|839
342|1033
343|383
344|587
347|200,502
350|200,285,314,611,700,763,1019,1028
351|1105
352|787
353|108,244,718,745,810,896,1028,1097,1098,1099,1100
356|10,23,26,68,69,84,88,278,321,350,383,408,415,451,514,549,560,584,674,709,719,723,742,890,915,922,935,977,982,983,1052,1092,1107,1121,1143,1179
357|488,556,678,762,830,1042,1125,1196
358|40
360|2,5,8,40,41,44,136,154,299,504,897,1012,1027,1086
367|364
368|0,1,3,14,24,33,44,54,60,62,67,70,73,91,94,97,105,106,107,112,116,117,118,136,147,150,168,172,178,180,182,184,187,189,190,200,201,207,210,220,226,232,233,235,239,257,259,262,263,266,274,282,287,292,299,300,302,304,306,307,309,317,322,325,326,327,330,333,351,353,357,370,374,377,378,379,387,388,391,392,416,420,423,424,425,430,435,436,450,451,457,490,493,495,497,503,504,505,512,524,527,528,540,547,555,561,568,572,575,576,581,582,588,592,593,617,636,637,642,643,663,674,677,685,690,692,705,706,708,712,720,721,726,743,744,760,767,782,787,790,809,835,841,843,847,854,867,868,894,895,898,902,905,918,927,928,937,944,951,953,966,968,981,1001,1005,1006,1009,1015,1026,1043,1045,1060,1061,1063,1064,1065,1067,1097,1106,1112,1120,1141,1143,1144,1145,1186,1188,1189,1195
371|77,88,106,160,392,459,546,579,581,582,583,778,903,934,978,1087
376|165
377|156,521
380|937
384|15,194,288,700,1062
385|969
386|166
387|671
389|600,738
391|310,908,1118,1198
392|126,385,525,538,940,1145
393|690,842,991,1126
394|94,206,533,647
397|386,697
398|88,647,911,969,987,1034,1049,1109,1130,1190
401|4,10,17,28,29,47,49,78,87,98,99,100,104,122,123,125,127,156,166,184,185,191,192,225,227,231,236,243,244,251,270,276,281,287,318,323,328,334,337,380,381,387,389,391,393,402,405,448,449,450,469,476,516,518,526,527,529,534,535,584,586,588,589,590,593,595,598,638,648,704,714,715,780,790,798,800,870,938,945,946,947,962,982,1011,1012,1013,1022,1033,1052,1067,1068,1069,1070,1073,1147,1148,1149,1150,1151,1185
402|109,386,813,1190
404|699,803,892,930,931,1059,1074
408|50,90,195,291,431,500,863,930
409|1112
410|45,722,884,898
411|150,362,1025
413|24,397,670,1165,1188
415|1015
416|224,450,532
417|665,1169,1170
419|11,19,31,33,37,40,45,58,59,61,62,71,85,87,89,94,98,108,121,122,146,150,172,173,176,191,192,210,211,212,221,226,236,241,256,259,262,270,277,280,291,295,296,297,298,300,305,313,315,330,333,353,360,369,370,374,389,395,397,398,417,419,429,437,448,456,460,461,468,474,491,492,496,502,503,509,515,516,517,518,524,528,529,541,547,557,559,565,573,577,584,593,622,639,640,645,662,663,664,678,688,689,700,719,722,742,743,744,745,779,780,782,784,788,789,808,809,810,831,835,838,855,859,863,869,880,891,892,893,894,895,896,897,929,944,964,965,1000,1004,1005,1006,1007,1008,1009,1012,1013,1025,1026,1027,1028,1029,1030,1064,1066,1072,1078,1088,1089,1090,1091,1092,1093,1094,1095,1096,1097,1098,1099,1100,1101,1102,1103,1104,1106,1142,1149,1150,1155,1157,1158,1171,1176,1177,1178,1179,1180,1181,1182,1183,1184,1188,1195
420|39,68,132,455,555,641,648,686,769,872,998,1016,1070,1149
422|61,68,77,97,106,135,162,164,165,169,191,232,248,288,290,332,341,349,406,429,431,433,452,453,455,459,463,483,484,511,512,513,514,525,537,546,579,581,585,594,598,599,602,642,666,708,710,712,715,726,735,749,751,777,778,781,792,793,796,807,812,816,821,836,858,868,873,877,887,888,889,890,902,903,934,935,939,948,949,961,968,1022,1023,1024,1046,1068,1079,1085,1087,1102,1107,1110,1116,1137,1145,1169,1170,1173,1174,1187,1189
424|33,42,55,92,212,307,441,1029,1133
425|74,118,151,230,269,296,310,352,421,422,492,496,525,566,623,629,692,703,1154
426|78,79,128,160,189,196,197,210,221,227,228,272,289,325,349,400,477,536,551,598,601,724,728,747,903,958,1012,1034,1111
427|23,27,37,68,90,122,126,137,222,280,282,285,332,336,388,394,448,453,493,511,518,553,586,593,610,641,650,652,678,733,741,745,761,808,828,858,876,877,880,934,952,1016,1047,1097,1137,1193
428|143,415,834,902,912,926,972,986,989,991,1050,1112
429|11,22,40,44,136,149,190,211,233,234,259,268,269,296,343,351,369,493,661,682,707,744,754,840,869,910,924,927,947,999,1021
431|191,440,488,668,679,752,830,918,976,1044,1117,1133,1196
433|25,108,124,165,166,199,243,283,292,336,397,470,529,533,645,646,718,747,813,816,865,969,995,1003,1034,1064,1065,1072,1109,1110,1190
434|109,137,341,401,406,541,542,545,547,598,653,661,727,732,740,741,797,798,807,808,877,885,888,889,892,949,952,957,960,961,964,1017,1023,1027,1028,1075,1081,1083,1085,1086,1092,1095,1096,1102,1154,1161,1170,1172,1175,1178,1179,1180,1182,1184
435|79
436|7,12,40,52,135,142,143,143,144,170,171,178,200,201,202,203,204,252,253,254,287,293,294,295,311,345,347,348,349,350,351,354,402,407,408,409,410,411,412,413,414,415,416,417,418,444,474,484,485,486,487,488,548,549,550,551,552,553,554,555,556,557,558,604,605,606,607,608,609,610,611,612,613,614,615,616,662,666,667,668,669,670,671,672,673,674,675,676,677,678,679,680,681,682,683,684,685,686,687,692,697,698,747,748,749,750,751,752,753,754,755,756,757,758,759,760,761,762,763,764,764,765,813,814,815,816,817,818,819,820,821,822,823,824,825,826,827,828,829,830,831,832,833,834,835,836,837,838,839,840,848,853,869,901,902,903,904,905,906,907,908,909,910,911,912,913,914,915,916,917,918,919,920,921,922,923,924,925,926,931,934,970,971,972,973,974,975,976,977,978,979,980,981,982,983,984,985,986,987,988,989,990,991,992,993,1028,1035,1036,1037,1038,1039,1040,1041,1042,1043,1044,1045,1046,1047,1047,1048,1049,1050,1051,1052,1053,1054,1055,1056,1111,1112,1113,1114,1115,1116,1117,1118,1119,1120,1121,1122,1123,1124,1125,1126,1127,1128,1129,1130,1131,1132,1133,1164,1191,1192,1193,1194,1195,1196,1197,1198,1199
437|418,741,798,799,840,877,966,987,1079,1080
438|222,460,665,671
440|193,520
441|93,971
443|1172,1173
445|750,1054,1111
446|1091,1144
447|254
449|29,82,105,163,163,193,228,320,325,331,532,588,637,709,711,712,717,781,854,858,1000,1062
452|176,397,529,531,720,786,929,943,1007,1139,1141,1169,1170
453|1172
457|558,680,832,917,919
460|14,665
461|112,151,249,293,343,420,507,617,645,743,894,950,997,1003,1018,1060,1075
462|903
468|30,189,638,710,776,777,1061
470|14,29,48,63,68,77,80,84,85,86,106,108,132,161,164,191,192,220,223,232,232,234,236,237,238,270,281,323,327,330,332,386,389,452,453,454,455,456,458,459,460,461,469,511,512,513,514,515,516,517,518,519,525,531,579,580,584,585,587,597,637,638,642,708,710,712,722,776,777,779,780,781,782,783,812,855,858,882,934,935,937,938,939,999,1086,1107,1110,1113,1136,1137,1144,1149
472|7,33,55,92,200,212,277,293,307,633,763,990,992,993,1010
473|123,127,128,181,188,192,220,231,321,412,414,440,447,448,456,512,513,515,635,638,668,711,752,779,780,781,782,836,900,961,1133,1165
478|32,47,176,232,270,273,275,278,296,419,513,520,559,641,788,794,856,961,998,1057,1082,1174
480|44,338,533,597,647,720,721,722,723,764,787,867,868,943,944,1004,1005,1006,1007,1008,1009,1010,1064,1065,1126,1138,1139,1140,1141,1142,1143,1144,1145,1146
481|673,914,967
482|114,116,120,151,152,178,303,361,363,421,423,427,497,619,629,732,739,767,849,994
483|4,10,30,35,273,282,335,382,388,408,415,584,596,633,661,764,864,890,1047,1082,1142
484|105,106,275,320,382,387,450,511,532,581,582,583,594,638,798,875,898
485|433
487|60,268,309,375,383,427,429,432,462,562,565,627,1199
490|20,70,117,147,174,299
491|885
492|512,633
493|265
494|244,534,648,790,870,871,945,946,947,948,1011,1012,1013,1014,1015,1067,1068,1069,1070,1071,1072,1073,1147,1148,1149,1150,1151,1152
495|522,614,625,629,761,828,975,1036,1055
496|147,421,629,798,877,1079
497|685
500|1009
507|7,12,51,293,488,494,556,678,752,1085
509|494,1093
510|1108
513|425,844
516|251,405,876,1077
517|824
518|277,594
519|1064
520|170,171
523|39,51,59,101,113,134,167,284,337,398,459,530,531,532,596,616,719,866,870,923,942,974,985,1008,1146
524|849
525|730,797,1153
526|6,274,1158
527|16,1145
530|682
531|216,303,625,861
533|991,1055
536|789,1066
538|177,196,197,285,656,660,779,878,885,1019,1020,1163
539|114,152,262,265,309,310,372,424,488,498,565,621,691,695,823,825,908,994,995
540|38,58,75,235,326,396,433,449,470,526,527,576,714,785,1137
543|871,1014,1015
544|90,167,177,255,295,688,812,819,919,981,1046,1107
545|112,141,216,266,288,293,303,340,539,562,565,622,625,843
548|376,443,653,698,732,1027
549|254,904
550|218
551|889
555|567,569,623,770,892,903,1037
557|588,752,821,931,976,1117,1128
558|0,106,136,188,276,281,459,475,478,508,526,538,550,628,934,937,938,943,954,1015,1057,1099,1185
559|157,193,236,237,388,516,517,536
562|535,1092,1192
564|74,118,216,263,303,314,565
565|116,120
566|56,73,111,148,209,267,768
568|817
569|49,50,184,209,227,230,328,367,497,1022,1023,1052,1108
570|990
571|204,488,556,671,676,975,1055,1118
572|534,607,648,970,1070,1150
574|408,457,585,948,983,1150
576|21,27,82,93,146,204,214,243,260,295,364,370,375,487,506,571,630,665,759,819,913,1011,1033,1067,1152,1185,1196
578|446
580|59,113,154,308,360,428,509,555,577,616,699,850,923,974,979,985,1027,1095
581|17
584|114,284,762,765
585|552,1040
586|1186
587|244,364,438,499,534,597,648,790,870,871,945,946,947,948,954,1011,1012,1013,1014,1015,1067,1068,1069,1070,1071,1072,1073,1086,1147,1148,1149,1150,1151,1152
588|667,670,681,686,687,820,821,833,906,920,923,1036,1047,1115,1116
590|2,5,8,41,48,65,100,101,102,104,114,154,164,206,210,239,430,522,643,717,940,1062
592|614,626,679,760,823,830,831,1043,1196
593|393
596|624
597|56,360,621
598|46,54,56,110,418,426,616,815,817,840,847,924,980,987,1006,1155
600|614,760,828,1012,1044
604|374,375,439,443,445,505,509,575,578,630,697,772,773,775,787,848,851,931,995,1004,1032,1059
606|101,188,1031
607|0,85,549,776,1030,1102,1114,1181,1183,1184
608|4,160,515,731,913
609|941
610|32,63,73,122,129,136,158,170,183,187,199,238,250,284,285,317,337,395,407,470,474,501,519,593,600,634,725,759,926,1009,1025,1054,1132
612|991,1126
613|355,652
614|121,225,242,678,692,795,842,931,977,1088
617|203,252,295,324,418,483,549,615,661,685,687,764,834,835,837,925,926,983,987,988,989,993,1022,1049,1051,1052,1053,1054,1084,1132
619|819,981,1038,1109,1191
625|620,1149
626|7,12,40,52,142,143,144,170,171,200,201,202,203,204,252,253,254,293,294,295,301,347,348,349,350,351,407,408,409,410,411,412,413,414,415,416,417,418,484,485,486,487,488,548,549,550,551,552,553,554,555,556,557,558,604,605,606,607,608,609,610,611,612,613,614,615,616,666,667,668,669,670,671,672,673,674,675,676,677,678,679,680,681,682,683,684,685,686,687,747,748,749,750,751,752,753,754,755,756,757,758,759,760,761,762,763,764,765,813,814,815,816,817,818,819,820,821,822,823,824,825,826,827,828,829,830,831,832,833,834,835,836,837,838,839,840,901,902,903,904,905,906,907,908,909,910,911,912,913,914,915,916,917,918,919,920,921,922,923,924,925,926,970,971,972,973,974,975,976,977,978,979,980,981,982,983,984,985,986,987,988,989,990,991,992,993,1035,1036,1037,1038,1039,1040,1041,1042,1043,1044,1045,1046,1047,1048,1049,1050,1051,1052,1053,1054,1055,1056,1111,1112,1113,1114,1115,1116,1117,1118,1119,1120,1121,1122,1123,1124,1125,1126,1127,1128,1129,1130,1131,1132,1133,1191,1192,1193,1194,1195,1196,1197,1198,1199
628|889
629|119,211,309,440,493,570,671,771,930,1031,1134,1186
630|786
632|17,23,30,39,46,68,79,86,122,132,182,186,279,328,331,383,390,445,449,451,455,463,464,466,467,472,508,509,514,520,521,529,531,571,577,586,596,628,641,696,709,710,714,715,783,789,810,854,862,872,935,936,998,999,1003,1006,1016,1026,1063,1106,1139,1151,1158,1179
633|133,359,830,848
634|34,1112
636|961
637|545,789,1025,1176
638|90,175,249,339,344,390,421,475,494,500,544,550,561,629,927,976,1058,1070,1143,1147
641|27,133,167,194,241,383,386,528,678
644|1004
645|7,12,12,73,142,144,148,170,199,202,252,294,347,348,407,409,411,414,428,433,484,485,548,605,606,607,613,628,677,680,748,749,805,806,811,813,814,815,824,829,838,848,903,909,911,912,916,970,1032,1035,1112,1175,1187,1191,1193
649|7,11,85,191,200,293,298,369,437,458,549,662,763,990,992,993,1114,1195
650|1,137,211,472,650
652|73,183,271,500,1065,1110
653|74,78,88,118,322,376,546,711,806,836,933,1087
654|594,636
655|31,718
656|732,797,1153,1156
657|350,486,678
660|880,951
661|613,721,722,830,917,1010,1054,1141
668|945
669|504
670|879,1159,1165,1166,1188
671|2,3,5,8,9,11,13,16,19,20,21,22,31,32,33,34,38,40,40,41,42,43,44,45,53,54,55,56,57,58,59,60,61,62,70,71,72,73,74,75,89,90,91,92,93,94,94,95,96,97,110,110,111,112,113,114,115,116,117,118,119,120,121,145,146,147,148,149,150,151,152,153,153,154,155,172,173,174,175,176,177,178,179,180,181,182,183,205,206,207,208,209,210,211,212,213,214,215,216,217,218,219,235,253,255,256,257,258,259,260,261,262,263,264,265,266,267,268,269,282,296,297,298,299,300,301,302,303,304,305,306,307,308,309,310,311,312,313,314,315,316,317,332,351,351,352,353,354,355,356,357,358,359,360,361,362,363,364,365,366,367,368,369,370,371,372,373,374,375,376,377,391,419,420,421,422,423,424,425,426,427,428,429,430,431,432,433,434,435,436,437,438,439,440,441,442,443,444,445,453,457,489,490,491,491,492,492,493,494,495,496,497,498,499,500,501,502,503,504,505,506,507,508,509,535,547,559,560,561,562,563,564,565,566,567,568,569,570,571,572,573,574,575,576,577,577,578,617,618,619,620,621,622,623,624,625,626,627,628,629,630,631,636,682,683,684,688,689,690,691,692,693,694,695,696,697,698,699,700,701,702,703,706,708,766,767,768,769,770,771,772,773,774,775,789,827,841,842,843,844,845,846,847,848,849,850,851,852,853,858,918,924,924,927,928,929,930,931,932,933,934,988,994,995,996,997,1009,1057,1058,1059,1060,1073,1119,1120,1134,1135
673|1059
675|335,749,751,1086
676|65,102,164,239,273,547,662,663,742,743,744,745,808,809,810,868,891,892,893,894,895,896,897,964,965,1025,1026,1027,1028,1029,1030,1088,1089,1090,1091,1092,1093,1094,1095,1096,1097,1098,1099,1100,1101,1102,1103,1104,1145,1176,1177,1178,1179,1180,1181,1182,1183,1184
677|39,59,68,75,92,94,103,141,141,175,203,231,258,283,309,319,323,324,328,332,354,384,391,393,398,402,424,429,439,451,453,455,462,469,494,498,524,527,542,562,567,592,598,644,646,686,691,740,756,761,778,786,788,791,809,828,832,839,858,872,881,969,975,999,1001,1016,1061,1072,1123,1137
678|709,1098
679|218,597,734,812,824,830,882,1011,1085,1149,1173
680|87,558,762,789,1038,1044,1066,1125
682|9,53,54,60,82,95,96,97,108,112,115,119,144,155,179,202,243,244,244,254,264,266,304,312,315,339,345,411,416,428,430,432,435,436,438,440,487,490,500,534,555,563,565,568,569,613,614,648,670,718,737,760,761,771,824,828,830,831,870,908,946,969,975,980,984,1011,1013,1037,1041,1043,1045,1067,1068,1118,1120,1150,1151
684|38,138,267,344,366,374,398,454,499,541,546,547,603,652,726,728,732,796,805,836,878,879,889,893,897,920,936,959,962,1005,1017,1028,1084,1086,1090,1096,1169,1172
685|199,252,346,349,484,541,553,607,608,648,749,814,818,835,838,901,923,996,1042,1067,1075,1110,1113,1127
686|133,246,281,283,295,551,646,703,921,922,923,1033
687|339
688|346,435,570,881,1161
689|89,114,117,216,217,367,368,371,436,695,769,846,984,1194
691|74,115,118
692|57,302,316
694|62,176,292,442,1147
696|79,272,764,864,941
697|553,812,855
698|30,35,86,92,109,137,141,151,192,249,282,285,289,315,335,343,353,377,428,536,541,623,630,640,641,679,690,724,725,762,855,865,900,912,928,950,964,964,968,1018,1025,1027,1046,1065,1075,1082,1088,1094,1096,1125,1177,1178,1180
699|203,987
701|94,183,207,354,444,491,745,770,775,1097
702|271,611,683,765,921,1055
703|53,72,90,137,172,174,175,208,209,211,249,250,260,266,289,306,354,359,409,424,439,477,495,527,548,564,566,608,614,622,634,657,684,690,702,760,801,818,823,828,845,866,896,903,960,1027,1044,1093,1102
704|12,88,195,199,254,347,418,612,613,784,817,838,904,952,1030,1054,1071,1103
707|480,742
708|16,263,269,312,314,316,374,426,589,624,628,665,712,733,784,811,817,859,939,1032,1187
709|699,892,1184
711|3,64,81,101,124,127,173,185,186,188,213,264,271,289,335,371,391,433,446,460,489,499,570,589,619,624,689,712,714,717,720,769,771,784,787,803,824,842,859,929,929,939,994,1000,1004,1005,1006,1007,1069,1138,1140,1141,1150
713|13,56,377,849,866,941,1011,1100
714|13,70,71,149,206,255,281,285,299,591,598,777,820,865,1019,1069,1070
715|32,42,54,96,97,110,146,155,313,361,365,366,367,416,431,433,436,463,464,489,499,500,502,561,596,660,691,758,768,806,827,992,1003,1016,1100
716|200,612,910,992,1194
717|589,815
724|174,673,897,914,1012,1027,1086
726|141,323
727|42
730|5,6,9,11,20,21,44,51,53,70,71,89,96,112,115,116,117,118,119,147,155,174,205,205,206,215,217,255,256,260,261,268,284,297,299,302,312,315,319,324,336,364,365,368,383,404,404,419,425,426,435,441,468,501,503,567,596,647,668,669,671,684,694,718,790,864,866,941,943,946,1010,1061,1065,1141,1188
731|36,80,226,271,591
734|4,162,176,278,870,1094
738|15,35,224,450,532
739|656
741|129,156,179,279,378,379,627,917,1044,1124,1186
742|58,259,313,502
743|937,1009
744|64,464,596,660,672,689,930,944,992,1067,1114
746|104,767,866,886,945,1063,1071,1181
747|66,452,860,896,1028,1030,1178
752|43,53,69,172,177,181,209,213,299,301,673,772,845,1014,1016,1026,1027,1195
754|36,48,145,450,665
756|41,419,631,662,893,933,984,1009,1026,1027
757|26,99,126,134,156,158,191,193,278,323,334,335,363,394,401,442,458,500,562,566,567,619,632,633,644,794,801,833,849,872,957,1002,1006,1142,1192
758|163,169,182,216,337,343,356,357,365,394,547,614,630,650,651,669,671,717,728,773,774,828,841,913,955,956,994,995,1005,1075,1076,1122,1135,1164,1192
759|17,125,279,326,387,465,559,605,815,944,1055
761|2,3,5,8,20,22,41,44,45,53,58,59,62,74,75,85,96,110,112,118,136,145,150,176,178,180,207,259,299,301,302,317,356,374,413,420,432,491,505,568,572,573,575,576,617,624,625,628,629,688,693,766,772,824,841,844,850,939,1058,1080,1187
762|144,348
763|309,848,1026
764|54,110,505,508,836,847,872,1030
767|345,574,578,1023,1098,1108
769|289,441,443,477,480,507,540,541,555,572,651,668,669,754,786,874,907,923,979,1037
770|115,207,364,427,672,930,947,948,1067,1114
771|26,27,28,72,87,91,111,145,159,162,194,195,229,249,275,276,277,412,421,439,463,552,561,600,611,630,699,868,869,907,938,955,996,1058,1115,1118
772|417
773|140,478,482,658,735,736,792,802,803,804,886
775|7,83,131,143,160,200,239,240,272,274,282,320,333,392,393,407,615,642,686,748,755,763,857,898,905,906,966,990,992,993,1050,1053,1106
776|283,480,791
777|824
779|50,127,128,186,241,271,312,385,446,523,524,587,727,1062,1106,1173,1190
782|183,386,394,442,458,497,502,578,630,635,728,730,774,779,788,874,923,1031,1095
783|53,172,209,266,760,831,845
785|306,309,337,873
786|386,442,630,913,1181
790|173,468,514,689,861,864,944,1065,1142,1143
791|204,251,291,292,554,610,611,664,665,746,752,761,811,812,830,898,899,900,904,909,966,967,968,977,1031,1032,1033,1038,1105,1106,1107,1108,1117,1119,1124,1185,1186,1187,1188,1189,1198
792|1172
794|51,74,118,174,359,693,830,933,948,974,1009,1048,1146,1173
795|767,1189
796|82,378,379
797|52,177,279,348,433,520,604,829,898,1138,1139
798|270,382,705,716
799|74,118,121,140,254,283,341,349,440,477,482,485,494,570,623,631,646,668,676,692,699,700,703,744,757,803,804,819,850,852,853,887,888,921,922,931,941,1033,1035,1036,1037,1048,1091,1094,1174
800|241,334,394,942
801|7,12,23,40,50,51,52,85,108,109,142,143,144,161,163,168,170,189,194,198,199,200,201,202,203,204,211,232,233,253,254,265,293,294,295,311,326,330,331,332,339,340,347,348,350,351,357,407,408,409,410,411,413,414,415,416,417,418,430,453,484,485,486,487,488,497,498,514,523,524,525,528,541,548,549,550,551,552,553,554,555,556,557,558,590,592,604,605,607,609,610,612,613,614,615,616,624,666,667,668,669,669,670,671,672,674,675,676,677,678,679,680,681,682,683,684,685,686,687,693,711,730,747,748,749,751,752,753,754,755,756,757,758,759,760,761,762,763,764,765,784,814,815,816,817,819,820,821,822,823,824,825,826,827,828,829,830,831,832,833,834,835,836,838,839,840,857,858,859,872,902,903,904,905,906,907,908,909,910,911,912,913,915,916,917,918,920,921,922,923,925,926,938,939,953,964,967,969,970,972,973,974,975,976,977,978,979,980,981,982,983,984,985,986,987,988,989,990,991,992,993,1000,1034,1035,1036,1037,1038,1039,1040,1041,1042,1043,1044,1045,1046,1047,1048,1049,1050,1051,1052,1053,1054,1055,1056,1058,1061,1092,1096,1097,1099,1101,1109,1114,1115,1116,1117,1118,1119,1120,1121,1122,1123,1124,1125,1126,1127,1128,1129,1130,1131,1132,1133,1178,1180,1181,1190,1191,1192,1193,1194,1195,1196,1197,1198,1199
803|248,338,571,602,653,654,721,725,790,808,863,873,877,888,1024,1073,1086,1087,1093,1173
807|243
809|12,23,81,195,329,607,743,894
810|126,153,177,207,225,434,511,543,547,564,610,614,687,757,772,820,907,920,1056,1107,1120,1154,1195
811|773
814|52,176,204,210,242,251,255,310,417,427,487,543,553,556,557,615,621,623,631,678,679,680,687,692,698,703,723,733,734,800,832,850,853,866,875,910,914,925,1044,1046,1053,1079,1080,1124,1160,1162,1198,1199
815|654,811,1024
816|4,82,162,278,447,524,709,712,881,947,1067
817|2,8,62,80,95,154,210,229,247,258,264,333,343,344,346,349,367,385,399,400,405,430,442,465,484,526,544,547,552,567,571,601,608,652,658,663,665,698,707,740,743,783,804,809,842,846,870,876,877,894,915,950,968,999,1057,1082,1110,1115,1131,1168,1189
818|1011
820|118,419,969
821|88,645
822|89,503
823|371,570,957
824|387,708,935
825|397,398,947,1068,1148,1152
826|1098
828|409,548,633,903
830|88,138,483,962,1022,1084,1090,1174
831|465
832|341,401,876,957,965,1023,1083,1101,1182
833|32,470,479,501,657,659,737,739,801,1009,1013,1167
835|728
836|240,468,609,742,1089,1127
837|560,656,793,799,812,862,882,883,884,917,948,1019,1083
838|105,458,473,512,1110
839|64,124,180,185,186,271,749,751,774
840|417,578,675,678,759,893
843|43,311,377,421,492,496,558,573,617,618,702,841,913,1058
844|774
845|813,1190
847|3,40,61,113,121,181,254,261,262,308,350,359,409,411,412,413,414,441,508,549,550,551,552,558,570,609,611,613,614,616,667,668,669,670,681,682,684,752,753,754,757,760,761,771,819,820,821,823,824,825,828,833,844,901,905,906,907,908,909,916,920,921,923,924,929,930,941,973,974,975,976,980,981,985,1034,1036,1037,1038,1039,1040,1041,1042,1047,1048,1114,1115,1116,1117,1118,1123,1124,1125,1128,1134,1192,1196
849|25,43,46,76,80,84,100,102,105,109,120,122,228,232,238,244,244,273,274,388,429,446,457,466,470,517,521,523,534,534,534,582,587,587,591,592,636,645,648,648,651,699,700,714,727,746,790,808,862,865,870,871,876,900,936,939,945,946,947,948,967,993,1003,1003,1011,1012,1013,1013,1014,1015,1021,1067,1068,1068,1069,1069,1070,1070,1071,1072,1073,1090,1091,1091,1092,1093,1136,1147,1148,1149,1150,1150,1151,1152
850|15,203,401,1104
851|13,16,19,31,31,32,33,34,34,42,55,70,71,73,92,93,149,154,173,183,206,212,247,250,255,257,260,263,286,298,299,307,312,313,314,352,353,358,415,419,445,507,559,696,766,794,843,964,1130,1178
853|767,811,1189
854|7,200,346,763,802,992,993,1161
855|1,37,111,472,693,980
856|352,1035,1056,1095,1120
858|17,98,105,214,279,364,458,465,473,512,984,1069
859|3,13,70,117,183,265,567,624,693,729,770,1057,1058
861|7,12,293,435,480,570,1192
862|90,176,207,255,259,296,355,376,486,509,618,688,773
863|6,89,121,215,503,676,756,758,831,908,1127
865|24,106,119,128,149,156,161,268,292,303,306,354,495,521,566,592,625,664,798,840,843,912
866|303,306,354,495,566,625,843,1035
867|19,35,64,196,242,269,296,306,357,470,476,686,774,907,1021,1036,1069,1124,1128,1150
868|123,860
869|15,248,344,483,537,603,652,726,728,730,739,744,745,796,799,809,879,883,884,893,897,922,958,965,977,1019,1030,1103,1104,1127,1159,1160,1183
870|35,111,139,141,196,197,247,249,250,289,290,344,345,346,368,404,405,477,479,482,544,545,600,657,659,660,735,736,737,739,740,801,803,886,957,1167,1186
872|413,418,554,557,570,614,675,759,839,916,919,983,984,989,1043,1045,1130,1131,1193,1197
874|506,589,700
875|141,505
877|150,578
878|24,28,79,80,103,190,224,225,294,332,413,418,449,464,470,523,524,526,527,530,554,557,570,590,591,592,614,675,713,714,717,759,785,839,860,916,919,983,984,989,1043,1045,1130,1131,1137,1193,1197
879|306,879,1030
883|39,107,186,272,396,449,494,514,570,595,623,714,942,1037
884|6,64,67,76,187,335,388,449,471,515,523,526,590,706,797,807,860,862,871,879,943,1044,1140
885|17,77,156,184,191,220,276,332,446,452,453,465,812,858,934,939
886|22,112,209,215,216,266,303,356,362,450,493,506,565,575,625,675,691,702,756,813,826,843,912,996,1040,1041,1060,1122,1135,1155
887|39,416,789,901,978,998,1066,1146
888|137,211,305,435,620,650,1118
889|984
890|7,16,142,144,170,202,252,294,347,348,407,409,411,414,430,479,484,485,548,605,606,607,613,677,680,748,749,813,814,815,824,829,903,909,911,912,916,970,1035,1112,1191,1193
891|154,195,254,257,271,292,353,358,381,397,467,543,552,575,659,674,702,733,734,800,861,875,906,908,945,952,996,1060,1079,1080,1115,1135,1162,1193
892|143,179,304,555,563,726,796,1120,1128
893|5,111,148,356,419,575,702,892,996,1025,1060,1135
894|4,66,78,176,309,834
895|335
896|142,144,170,199,201,252,270,398,407,410,411,604,648,747,748,750,904,926,972,1070,1109,1132,1190,1191
897|210,221,230,382,480,582,636
898|204,417,487,556,557,678,679,680,762,832,919,1044,1046,1125,1196,1198
899|179,183,222,291,350,458,523,524,530,532,537,551,679,787,870,922,977,1004,1020,1052,1090,1119,1138
900|28,79,103,136,190,225,226,285,294,327,332,464,526,530,588,590,591,637,639,713,717,860,1001
901|121,436
903|709,943
904|4,19,29,44,78,128,229,242,296,365,380,406,415,533,546,584,602,603,621,672,741,749,805,836,888,890,901,960,962,963,969,1024,1035,1066,1083,1086,1114,1121,1123,1169,1171,1175
905|16
906|15,392,483,579,653,656,662,728,731,732,745,789,797,799,809,848,875,879,883,884,1019,1098,1159,1166,1178,1179,1183
908|10,25,66,87,129,130,162,185,189,194,195,229,230,251,309,321,322,324,395,463,466,469,510,527,634,713,860,868,956,1010,1145,1164,1185
911|90,281,573,699,852
913|270,349,710,725,792,870,994,1131
914|16
915|245,539,561,743,744
916|1089,1093
918|746,814,839
919|1,6,10,11,27,67,127,129,133,167,186,225,237,240,272,283,291,321,324,334,335,337,384,394,395,396,447,451,471,472,482,541,650,654,667,714,736,784,795,806,810,811,822,857,898,899,935,942,951,966,1003,1016,1033,1108,1155
921|1187
923|20,147,682,760,1177,1192
924|813
925|7,12,40,52,142,143,144,170,171,200,201,202,203,204,252,253,254,293,294,295,347,348,349,350,351,407,408,409,410,411,412,413,414,415,416,417,418,466,484,485,486,487,488,548,549,550,551,552,553,554,555,556,557,558,571,595,604,605,606,607,608,609,610,611,612,613,614,615,616,666,667,668,669,670,671,672,673,674,675,676,677,678,679,680,681,682,683,684,685,686,687,734,747,748,749,750,751,752,753,754,755,756,757,758,759,760,761,762,763,764,765,814,815,816,817,818,818,819,820,821,822,823,824,825,826,827,828,829,830,831,832,833,834,835,836,837,838,839,840,877,885,901,902,903,904,905,906,907,908,909,910,911,912,913,914,915,916,917,918,919,920,921,922,923,924,925,926,970,971,972,973,974,975,976,977,978,979,980,981,982,983,984,985,986,987,988,989,990,991,992,993,1011,1033,1035,1036,1037,1038,1039,1040,1041,1042,1043,1044,1045,1046,1047,1048,1049,1050,1051,1052,1053,1054,1055,1056,1081,1111,1112,1113,1114,1115,1116,1117,1118,1119,1120,1121,1122,1123,1124,1125,1126,1127,1128,1129,1130,1131,1132,1133,1191,1192,1193,1194,1195,1196,1197,1198,1199
926|69,140,307,375,376,399,401,413,443,495,629,672,717,794,1032,1114
927|140,248,658,804,886,965,969,1030,1059,1103,1104,1134,1192
928|24,31,49,50,94,103,105,144,173,177,222,227,231,232,255,275,280,338,353,355,360,370,438,476,483,515,517,529,531,533,562,572,574,588,592,605,622,635,639,645,688,694,720,721,722,723,817,855,867,943,962,963,1000,1004,1005,1006,1007,1008,1009,1010,1021,1059,1064,1101,1139,1140,1141,1156,1157,1174,1188
930|1109
932|226,1085,1184
933|29,114,166,169,188,199,244,252,281,286,327,336,343,380,400,402,430,476,479,526,534,571,662,704,780,812,851,856,940,950,954,955,969,1018,1021,1054,1068,1075,1077,1088,1107,1143,1147,1150,1156
934|6,136,186,338,433,510,609,677,758,827,859,898,1035
936|23,29,37,51,63,67,105,127,130,188,190,198,211,230,233,248,250,271,287,290,321,329,338,383,386,393,468,482,483,507,525,527,530,535,542,578,579,589,595,599,601,620,644,645,646,648,686,687,698,708,709,713,720,721,722,731,773,774,786,792,793,834,835,838,848,859,861,863,873,881,885,896,931,936,943,945,947,968,989,1006,1007,1008,1012,1022,1034,1059,1064,1068,1070,1071,1073,1089,1094,1103,1139,1141,1148,1163,1166,1176,1188,1189
937|163
938|292,605,853
939|80,144,199,254,293,305,311,339,357,361,417,487,493,533,605,612,661,682,759,817,824,848,896,920,923,969,978,984,987,995,1028,1034,1048,1049,1109,1120,1190
940|49,64,66,493,547,613,655,663,707,839,895,989,1110,1159,1193
941|701
942|38,47,75,79,125,126,150,195,201,225,235,248,308,334,356,366,391,394,450,494,581,599,790,801,833,927,934,957,1030,1069,1103,1167
943|14,41,76,83,131,144,160,178,197,201,231,253,258,348,350,359,373,392,408,412,422,464,481,611,626,660,667,684,728,730,738,767,778,830,833,874,879,903,909,933,946,974,983,1068,1147,1149,1177,1187
946|870,946,1013,1067,1070
947|289,829,1040
948|458,936
950|91,242,302,319,645,862,948,1002,1066
952|35,379,795,871,992,1001,1014,1015
953|51,158,240,248,290,478,599,685,965
954|180,774,920,1038
956|653,875,1162
958|555,615
959|219,576,577,627,701,932
961|49,98,184,236,270,347,353,370,517,531,540,584,597,622,666,722,750,751,787,855,874,1005,1010,1054,1138,1140,1141,1144
963|213,300,574,619,932
965|7,35,111,142,170,202,213,254,294,316,317,336,346,347,348,349,352,353,374,375,405,407,408,409,410,412,414,439,444,445,484,485,504,507,509,548,550,554,560,574,575,578,604,605,606,607,608,612,626,628,630,666,677,697,698,701,703,747,748,749,750,751,755,762,763,772,773,814,816,817,818,823,829,838,848,851,853,864,902,904,905,911,916,931,932,933,970,971,990,995,996,1035,1038,1048,1059,1060,1111,1112,1113,1133,1135,1186,1191,1193,1197
966|1106
967|1181
968|875
970|818,980
972|46,88,138,422,496,530,571,644,805,807,812,862,863,889,893,961,962,965,1023,1169,1172,1184
973|20,39,41,51,71,134,147,166,206,208,244,258,300,342,535,726,790,947,1013,1063,1146,1151,1152,1188
974|169,278,343,541,542,651,652,653,654,727,728,729,730,731,732,795,876,877,878,879,880,889,950,951,952,1017,1074,1075,1076,1080,1153,1154
975|678,847,911
977|7,141,170,199,200,202,252,253,288,293,340,407,411,539,545,610,630,666,750,751,753,763,815,836,902,904,926,955,969,972,974,990,992,993,1054,1094,1111,1132
978|1089,1093
979|11,44,296,369
980|290,478,600,730,736,861
981|280,535,808,897,917,1027,1089,1091,1103
982|22,75,77,335,449,493,522,685,724,1026,1105
983|69,91,125,127,186,221,222,223,318,334,380,471,538,646,649,710,853,1003,1148,1157,1166,1170
984|161,193,228,233,387,498,557,579,592,615,680,687,706,711,720,728,781,832,1046,1061,1187,1198
985|141,197,245,249,289,400,477,536,539,598,601,724,958,967,1031
986|6,186,306,401,538,794,872,1074,1106
987|123,547,661,663,829,860,1062,1127,1190
988|1034
990|96,216,264,436,675,814,1195
991|342,731,1179
992|63,159,169,249,286,343,442,476,521,708,765,783,876,950,954,955,1018,1021,1029,1077,1129,1156
993|73,212
996|188,732,884,1072,1162
1000|129,195,248,395,434,599,896,1103,1145
1001|140,668
1003|12,797,1108
1004|612,680,911,969,987,1029,1034,1049,1109,1130,1190
1005|15,87,136,139,140,196,197,201,234,246,247,248,285,287,288,290,342,344,345,346,399,403,404,405,477,478,480,481,482,483,534,536,537,538,539,540,543,544,599,600,602,603,649,650,651,652,654,655,657,658,659,663,724,725,726,728,729,730,733,734,735,736,737,738,739,742,743,744,745,789,791,792,795,796,799,800,801,802,803,804,809,810,871,872,873,874,875,878,879,880,882,883,884,886,887,890,891,893,894,895,897,922,946,951,956,958,959,963,965,977,997,1019,1020,1024,1025,1030,1074,1076,1078,1079,1080,1082,1087,1088,1091,1098,1099,1100,1101,1103,1104,1107,1120,1127,1148,1149,1153,1155,1157,1158,1159,1160,1162,1163,1167,1168,1171,1173,1177,1181,1183
1006|471,511,588,819,1109,1126
1008|70,147,174,299
1009|991,1126
1012|139,198,917
1013|58,86,176,267,313,358,502,980
1015|746
1016|814,816,1129
1019|1035
1020|328
1021|833,1134
1023|293,481,643,692,717,738,842,931,940,1055,1187
1033|347,523,816,857,938,1034
1037|897,1014,1015,1082
1042|18,23,47,67,68,86,87,100,102,130,132,185,190,225,236,324,390,455,463,464,467,468,469,508,520,522,586,640,641,782,783,856,935
1045|18,79,160,279,390,392,462,463,464,466,468,498,520,640,855,1142
1046|185,210,304,698
1047|49,103,410,529,780,802,891,945,1091,1148,1185
1054|18,23,24,86,100,101,102,123,129,133,139,157,193,198,215,236,237,238,388,395,448,463,467,468,516,517,518,519,522,572,585,586,640,641,646,649,719,724,782,786,848,856,975
1056|169,278,303,343,344,389,420,425,467,531,542,639,788,812,815,843,864,990,997,1008,1084
1058|88,228,546,1087
1059|558,911
1060|14,29,39,47,48,51,53,81,124,125,132,158,163,166,172,176,186,188,194,203,203,204,207,209,222,231,252,266,269,276,277,278,282,291,309,319,325,329,331,340,357,378,379,380,381,391,393,402,406,432,449,450,455,463,468,483,531,532,533,542,549,549,589,594,598,615,627,644,646,661,664,667,670,676,686,708,709,715,718,731,740,764,780,785,786,794,798,811,812,819,820,823,828,833,835,845,850,858,860,862,863,881,888,898,906,913,915,925,937,942,952,958,966,973,974,975,977,983,987,988,991,993,997,1022,1033,1036,1038,1042,1047,1049,1050,1051,1053,1063,1066,1084,1085,1115,1126,1160,1161,1185,1194,1196,1199
1063|69,181,196,197,249,660,1014,1016,1026
1064|23,103,157,162,194,195,226,231,238,280,331,332,390,391,448,450,453,461,581,583,639,641,706,777
1066|88,202,409,747,753,905,972,974,1131
1069|355,357,414,493,563,927
1070|106,232,233,234,326,459,513,514,581,582,583,778,781
1075|215,769,1109
1079|81,81,124,129,146,186,271,381,395,425,510,634,888,1187
1081|37,49,50,184,199,227,444,449,515,714,867,1171
1082|4,111,132,278,319,328,462,786,859
1084|25,38,88,112,172,234,235,237,238,266,274,307,317,318,326,385,409,420,432,447,457,513,516,568,585,592,594,619,625,636,705,707,716,753,766,776,778,843,854,936,997,1024,1043,1045,1087,1137,1138,1144
1088|127,710,1003,1166
1091|289,947,1112
1093|87,135,141,253,400,587,683,785,794,859,885,918,988
1094|18,23,62,100,101,102,123,210,234,292,360,442,448,518,522,571,573,618,622,698,719,741,782,911
1096|800,882,1144,1149
1098|376,443,506,698,699,700
1103|32,43,60,105,115,243,312,339,342,375,458,501,508,810,852,1011,1032,1100
1104|21
1105|310,479,676,830,851,1196
1107|140
1109|181,414,440,485,668,671,752,1133
1110|816
1112|11,16,21,60,119,263,268,314,315,1040
1114|0,394,801,967,1051,1063,1105,1192
1118|129,395,804,1067
1119|25,121,125,156,165,191,209,272,290,326,333,344,448,453,542,554,705,706,715,768,776,777,784,871,881,940,952,1014,1048,1071,1136,1143,1163,1182,1197
1121|32,42,52,55,95,112,113,171,181,212,258,260,261,266,267,307,312,365,373,374,377,425,426,428,431,432,441,475,553,568,570,572,617,627,628,667,670,681,682,686,687,771,820,821,832,833,844,906,920,923,930,932,985,1015,1026,1036,1047,1114,1115,1116,1121,1134,1176
1122|339
1123|26,64,116,117,120,175,224,258,265,276,311,359,363,372,377,396,439,503,505,507,553,626,632,674,676,823,849,911,915,982,1102,1124,1164,1181,1199
1124|140,289,308,477,570,771,803,824,842,927,1034
1125|444,515,639,780,1013,1148,1157
1126|108,165,166,171,243,283,336,397,529,645,646,718,865,1003,1064
1127|309,621,626,664,703,818,823,931,1059
1128|33,168,176,207,232,327,361,370,485,537,650,655,691,697,814,823,899,1076,1082,1165,1190,1194
1129|10,409,523,561,582,661,742,806,874,878,1031
1130|19,33,50,62,119,131,135,145,152,158,168,214,240,250,277,281,296,354,364,380,386,402,428,444,452,452,454,456,474,475,489,505,560,589,707,708,742,775,856,869,896,938,956,997,1076,1089,1143,1180
1131|52
1132|78,122,132,156,232,321,390,469,593,594,665,710,715,716,1001
1133|41,300,768,818
1134|141,175,294,749,901,1123
1135|622,647,694
1137|259,620
1140|51,106,128,143,295,555,565,571,592,615,687,742,910,919,925,961,1050,1053,1056,1085,1089,1120,1176,1181,1183,1184,1195
1143|4,49,385,1150
1145|447,456,638,710,776
1148|16
1149|392,523,577,590,885,1163
1150|744
1153|21
1154|25,41,48,73,104,129,147,183,187,196,197,252,320,460,545,618,704,720,747,750,893,969,986,1002,1006,1012,1031,1056,1088,1182,1186
1155|139,198,284,1064
1162|4,17,47,98,99,122,270,387,516,518,584,586,588,593,704
1164|113,135,136,261,400,401,402,458,613,654,740,754,841,885,946,985,1122,1135,1187,1193
1167|86,131,140,240,410,454,468,481,634,713,746,783,1147
1169|79,81,84,124,215,306,381,401,534,607,644,648,677,691,695,732,794,835,838,872,994,1002,1013,1031,1070,1150,1166,1186
1171|105,237,248,457,458,733,1080
1172|291,330,428,718,734,945,1081,1149
1173|165,397
1177|40,113,181,203,254,261,308,350,351,359,409,411,412,413,414,415,441,486,487,549,550,551,552,554,555,570,609,611,612,613,615,616,620,667,668,669,670,671,673,674,676,680,681,682,684,687,752,753,754,755,756,757,758,761,771,819,820,821,823,824,825,826,827,828,833,844,901,905,906,907,908,909,910,914,915,916,920,921,922,923,924,925,930,941,973,974,975,976,977,978,979,980,981,985,987,995,1036,1037,1038,1039,1040,1041,1042,1044,1047,1048,1050,1052,1053,1056,1114,1115,1116,1117,1118,1120,1122,1123,1124,1125,1126,1127,1128,1134,1192,1193,1194,1195,1196,1198
1178|133,167,202,251,283,291,292,409,452,551,664,665,679,746,811,812,898,899,900,944,966,967,968,1031,1032,1033,1105,1106,1107,1108,1127,1140,1185,1186,1187,1188,1189
1179|289,477,480,571,668,669,907,923,1037
1180|300,330,1116
1181|623,1037
1183|3,20,89,117,147,179,216,304,367,368,371,423,436,567,695,769,846
1185|11,19,37,85,98,108,122,139,176,192,198,210,221,226,236,241,270,277,280,296,315,330,333,344,370,389,395,397,398,448,456,460,461,475,480,516,517,518,524,528,584,593,622,639,710,719,779,780,782,784,831,859,863,880,1000,1005,1012,1013,1072,1101,1149,1150,1171
1186|89,148,217,224,258,311,352,363,372,377,396,505,553,632,643,674,676,849,856,911,915,982,1124,1181,1199
1187|122,230
1191|168
1192|23,57,137,154,195,205,230,316,329,356,358,360,370,381,430,460,552,575,702,707,996,1060,1084,1109,1135
1194|15,52,58,101,170,204,242,251,269,278,306,338,375,376,389,415,427,440,443,485,505,509,576,604,612,616,631,639,654,666,680,720,745,747,748,773,774,775,797,815,836,839,840,842,866,868,902,907,910,914,958,977,978,983,986,988,993,1125,1129,1130,1131,1160,1183,1199
1196|700
1199|582
1200|347,666,751,1035
1203|10,52,147,148,290,344,651,727,746,788,830,881,924,940,952,1075,1101
1204|173,306
1205|134,291,341,452,643,684,717,791,821,940,1007,1116
1207|277,493,516,594,705,706,781
1209|80,347,465,481,666,738,751,783,818,916,999,1187
1210|109,122,185,221,226,271,310,378,379,380,466,587,715,778,785,888,908,939
1215|20,45,74,115,118,120,131,135,143,159,169,249,250,268,286,298,343,376,402,434,437,454,474,476,480,499,546,574,658,662,697,698,703,734,791,805,853,869,873,876,884,934,950,954,955,992,1018,1021,1028,1077,1078,1081,1093,1156,1158,1164,1169
1216|14,48,56,63,85,111,148,161,182,192,220,220,223,230,234,235,238,267,389,415,454,456,460,461,513,515,518,519,550,580,582,584,585,591,631,635,638,639,642,706,706,779,780,781,782,809,895,902,967,972,991,1028,1032
1218|15,69,88,109,135,136,137,138,139,140,141,168,169,186,196,197,198,245,246,247,248,249,250,271,285,286,287,288,289,290,339,340,341,342,343,344,345,346,399,400,401,402,403,404,405,406,475,476,477,478,479,480,481,482,483,535,536,537,538,539,540,541,542,543,544,545,546,598,599,600,601,602,603,649,650,651,652,653,654,655,656,657,658,659,660,661,724,725,726,727,728,729,730,731,732,733,734,735,736,737,738,739,740,741,791,792,793,794,795,796,797,798,799,800,801,802,803,804,805,806,807,872,873,874,875,876,877,878,879,880,881,882,883,884,885,886,887,888,889,890,914,949,950,951,952,953,954,955,956,957,958,959,960,961,962,963,1016,1017,1018,1019,1020,1021,1022,1023,1024,1074,1075,1076,1077,1078,1079,1080,1081,1082,1083,1084,1085,1086,1087,1153,1154,1155,1156,1157,1158,1159,1160,1161,1162,1163,1164,1165,1166,1167,1168,1169,1170,1171,1172,1173,1174,1175,1199
1221|677,829,984
1223|126,128,228,272,325,1073,1147
1224|52,80,144,229,281,330,341,348,408,469,532,547,587,605,646,663,677,684,735,751,783,792,813,821,829,937,940,983,984,986,999,1007,1046,1047,1051,1051,1110,1111,1189
1225|2,3,5,8,9,11,13,16,19,20,21,22,31,32,33,34,40,41,42,43,44,45,53,54,55,56,57,58,59,60,61,62,70,71,72,73,74,75,89,90,91,92,93,94,95,96,97,110,111,112,113,114,115,116,117,118,119,120,121,145,146,147,148,149,150,151,152,153,154,155,172,173,174,175,176,177,178,179,180,181,182,183,205,206,207,208,209,210,211,212,213,214,215,216,217,218,219,255,256,257,258,259,260,261,262,263,264,265,266,267,268,269,296,297,298,299,300,301,302,303,304,305,306,307,308,309,310,311,312,313,314,315,316,317,352,353,354,355,356,357,358,359,360,361,362,363,364,365,366,367,368,369,370,371,372,373,374,375,376,377,419,420,421,422,423,424,425,426,427,428,429,430,431,432,433,434,435,436,437,438,439,440,441,442,443,444,445,489,490,491,492,493,494,495,496,497,498,499,500,501,502,503,504,505,506,507,508,509,559,560,561,562,563,564,565,566,567,568,569,570,571,572,573,574,575,576,577,578,617,618,619,620,621,622,623,624,625,626,627,628,629,630,631,682,688,689,690,691,692,693,694,695,696,697,698,699,700,701,702,703,766,767,768,769,770,771,772,773,774,775,841,842,843,844,845,846,847,848,849,850,851,852,853,917,924,927,928,929,930,931,932,933,994,995,996,997,1057,1058,1059,1060,1134,1135
1227|4,65,126,137,168,194,225,234,272,273,281,287,288,325,330,331,340,384,391,402,452,469,476,524,535,537,560,587,589,708,784,857,859,937,938,939,982,1046,1108
1229|1,4,15,18,23,27,39,41,46,51,52,71,78,82,108,133,134,162,166,167,171,194,195,214,240,242,243,244,278,283,331,334,335,336,337,352,386,394,396,397,398,401,445,465,471,509,529,596,644,645,646,696,709,718,719,723,727,806,811,861,863,865,941,1003,1017,1033,1063,1108,1174,1184
1230|385,510,525,606,848
1231|0,1,4,6,10,14,17,18,23,24,25,26,27,28,29,30,35,36,37,38,39,46,47,48,49,50,51,63,64,65,66,67,68,76,77,78,79,80,81,82,83,84,85,86,98,99,100,101,102,103,104,105,106,107,108,122,123,124,125,126,127,128,129,130,131,132,133,134,156,157,158,159,160,161,162,163,164,165,166,167,184,185,186,187,188,189,190,191,192,193,194,195,220,221,222,223,224,225,226,227,228,229,230,231,232,233,234,235,236,237,238,239,240,241,242,243,270,271,272,273,274,275,276,277,278,279,280,281,282,283,284,318,319,320,321,322,323,324,325,326,327,328,329,330,331,332,333,334,335,336,337,378,379,380,381,382,383,384,385,386,387,388,389,390,391,392,393,394,395,396,397,398,446,447,448,449,450,451,452,453,454,455,456,457,458,459,460,461,462,463,464,465,466,467,468,469,470,471,472,473,510,511,512,513,514,515,516,517,518,519,520,521,522,523,524,525,526,527,528,529,530,531,532,579,580,581,582,583,584,585,586,587,588,589,590,591,592,593,594,595,596,632,633,634,635,636,637,638,639,640,641,642,643,644,645,646,704,705,706,707,708,709,710,711,712,713,714,715,716,717,718,719,776,777,778,779,780,781,782,783,784,785,786,854,855,856,857,858,859,860,861,862,863,864,865,866,934,935,936,937,938,939,940,941,942,998,999,1000,1001,1002,1003,1061,1062,1063,1136,1137
1232|1180
1233|21
1234|13,70,71,117,134,149,206,255,299,319,357,473,478,481,529,644,786,861,862,863,864,886,941,944,959,1002,1003,1063,1168
1235|519,536,711,724,741,966,968,1105,1106,1185
1236|38,40,68,83,84,131,164,452,502,512,682,774,924,1134,1137
1237|142,461,488,499,556,827,918,921,922,1067
1238|146,219,289,336,392,397,398,472,561,646,648,668,678,700,711,958,1028,1035,1072,1132
1239|163,940
1240|109,199,344,469,474,475,497,511,537,581,656,739,784,947,1104
1241|182,467,749,901,946,1191
1242|51,84,158,240,248,290,478,599,685,965,989
1244|285,515,798,1019
1245|98,234,333,386,459,465,838
1246|15,46,138,194,234,288,316,340,341,374,375,383,384,439,443,445,451,470,505,509,529,531,544,574,575,578,601,630,661,697,724,772,773,775,789,848,851,862,920,931,958,965,995,1006,1032,1059,1062,1063,1105,1139,1158
1247|349,403,446,666,816,1018
1248|57,224,375,892,900
1251|653,732
1253|52,144,348,408,984
1254|44,97,435,484,608,748,818,971
1256|54,106,126,146,237,246,282,328,364,385,459,524,525,526,538,569,581,632,717,756,770,891,895,940,964,1137,1145,1154,1185
1257|14,48,63,76,77,156,220,238,276,580,635,638,1113
1258|151,153
1259|37,127,128,158,188,190,220,321,447,448,456,697,711,717
1260|30,64,587
1261|103,126,129,144,156,179,187,202,207,226,333,334,335,361,384,395,409,493,511,518,581,586,588,610,611,632,641,668,691,704,712,745,775,777,821,934,976,995,1097
1262|406,602,603,807,890
1263|606,1113
1264|992
1265|12,800,882,1008,1155
1266|149,268,669,1090,1092
1267|144,247,250,408,1037
1268|581,851
1269|10,382,584,969,1082
1271|85,161,223,235,454,455,580,591,635,642,672,757,820,960,982,1114,1121,1123
1272|753,825,905,972,974
1274|407
1275|560,656,733,929,1112
1279|360,1059
1280|168,243,333,460,517,537,1180
1281|241,727,1106
1284|875
1285|292,460,1187
1286|396,645
1289|328,741
1290|114,494,623,743,744,833,1134
1291|19,31,32,34,42,154,170,171,212,257,260,307,358,766,843
1293|30,89,244,586,710,745,810,896,1016,1028,1097,1098,1099,1100
1294|528,654
1295|990
1297|233
1300|227,406,603,1066
1301|820
1302|166,491
1303|137,251,291,292,345,545,650,664,665,746,811,812,898,899,900,966,967,968,1031,1032,1033,1105,1106,1107,1108,1185,1186,1187,1188,1189
1305|488,504,556,614,679,760,762,828,830,1042,1043,1044,1125,1196
1308|81,124,141,196,197,204,249,253,269,291,306,340,351,361,523,526,549,561,567,615,660,664,667,670,676,683,686,691,718,764,811,819,820,828,833,879,898,906,915,918,925,966,973,974,975,977,988,991,997,1005,1033,1036,1038,1042,1047,1050,1051,1053,1115,1126,1185,1196
1309|39,66,158,195,229,230,240,334,394,396,510,530,582
1313|72,167,291,412,422,496,611,643,756,768,795,811,832,892,898,899,951,1025,1155,1176,1194
1315|178,179,423,675
1317|72,1040,1118
1318|729,847
1323|291,685,1136
1324|14,18,23,26,36,37,39,47,48,51,63,65,67,76,86,100,101,101,102,134,138,157,160,187,193,226,234,236,237,238,239,274,280,282,319,333,378,379,385,388,392,393,398,454,457,467,473,516,517,518,519,522,523,524,530,531,580,582,585,596,641,642,649,704,813,856,866,1001,1008,1064,1113,1146,1158
1326|856,1065
1330|476,712
1331|12,29,65,126,163,193,228,234,239,272,273,282,325,385,393,454,513,585,588,642,704,711,781,854,858
1332|151,169,188,251,286,343,359,400,561,699,732,740,884,1018,1021,1031,1045,1072,1075,1077,1162
1334|605,917,1045
1335|25,38,67,80,104,125,130,160,187,224,238,326,332,333,388,392,453,510,511,579,590,591,592,632,634,636,713,776,777,859,860,999,1061
1336|25,143,278,389,594,615,705,776,900,910,925,1030,1050,1182
1337|165
1339|237,513,537,663,716,1062
1340|720,787,965,1004,1005,1138,1139,1140
1341|95,304,307,422,490,698,754,767,800,924
1342|403,875,1018
1343|291
1345|237,457,898
1346|52,83,130,131,160,165,239,282,284,320,321,333,348,380,392,393,409,457,634,642,646,829,866,956,1064,1164
1348|520,706,781
1352|39,66,67,123,130,133,134,162,166,167,194,229,241,244,250,284,321,324,329,331,337,390,393,510,530,532,596,634,705,778,803,942,956,969,1146,1151
1354|213,316,317,328,336,346,352,353,374,405,412,439,445,504,507,509,550,560,574,575,578,626,628,630,697,698,772,773,823,848,851,853,864,931,995,996,1048,1059,1060,1135
1355|1110
1356|345
1357|27,46,82,180,404,473,478,566,875,1063,1168
1358|133,167,185,194,241,388,394,668
1363|865,870,947,1138
1365|40,924,1165
1366|24,103,530,1091
1368|50,51,191,214,217,218,249,342,368,369,383,406,425,434,438,483,501,530,545,595,661,694,713,737,741,807,808,852,933,949,960,961,1022,1095,1154,1170,1174,1175,1176,1180
1371|3
1372|0,1,4,6,10,14,17,18,23,24,25,26,27,28,29,30,35,36,37,38,39,46,47,48,49,50,51,63,64,65,66,67,68,76,77,78,79,80,81,82,83,84,85,86,98,99,100,101,102,103,104,105,106,107,108,122,123,124,125,126,127,128,129,130,131,132,133,134,156,157,158,159,160,161,162,163,164,165,166,167,184,185,186,187,188,189,190,191,192,193,194,195,220,221,222,223,224,225,226,227,228,229,230,231,232,233,234,235,236,237,238,239,240,241,242,243,270,271,272,273,274,275,276,277,278,279,280,281,282,283,284,318,319,320,321,322,323,324,325,326,327,328,329,330,331,332,333,334,335,336,337,378,379,380,381,382,383,384,385,386,387,388,389,390,391,392,393,394,395,396,397,398,446,447,448,449,450,451,452,453,454,455,456,457,458,459,460,461,462,463,464,465,466,467,468,469,470,471,472,473,510,511,512,513,514,515,516,517,518,519,520,521,522,523,524,525,526,527,528,529,530,531,532,579,580,581,582,583,584,585,586,587,588,589,590,591,592,593,594,595,596,632,633,634,635,636,637,638,639,640,641,642,643,644,645,646,704,705,706,707,708,709,710,711,712,713,714,715,716,717,718,719,776,777,778,779,780,781,782,783,784,785,786,854,855,856,857,858,859,860,861,862,863,864,865,866,934,935,936,937,938,939,940,941,942,998,999,1000,1001,1002,1003,1061,1062,1063,1136,1137
1373|346,1001
1376|61,102,121,142,240,254,261,262,280,467,508,596,597,627,737,803,827,837,856,979,1035,1044,1056,1059,1086,1124
1379|477,798
1380|531,720,787,1005,1008,1139
1381|27,82,93,243,292,630,897,913,955,1011,1014,1015,1067
1383|10,65,82,225,324,384
1385|36,346,980
1386|673,1199
1387|30,86,88,138,165,166,306,422,486,496,596,807,812,893,961,962,1023,1035,1124,1145,1184
1391|665
1392|103
1394|639
1395|168,650
1399|1004,1168
1402|4,23,26,50,88,99,126,129,132,135,137,156,158,167,168,170,171,184,191,193,194,247,248,250,278,284,286,288,290,334,335,339,340,341,342,394,395,400,401,406,452,458,462,463,475,483,510,532,537,599,633,634,649,658,670,709,717,724,725,735,778,791,792,793,794,805,806,812,873,887,890,903,959,963,1002,1022,1046,1085,1107,1108,1142,1171,1172,1174,1175,1189
1403|942
1407|946
1408|108,176,241,528,870,915
1410|6,262,267,295,319,366,374,375,443,446,479,621,664,727,731,807,823,913,1017,1066,1088,1184,1194
1411|947
1412|267,893
1413|84,954
1421|698
1424|403,547,663,743,755,790,809,840,870,1073,1147
1425|82,127,349,498,533,647,886
1426|9,95,97,115,444,569,592,730,960,1080
1427|547,663,868
1429|809,840
1430|78,221,547,663,732,797,1153,1156
1431|743,840,868
1433|2,21,21,44,45,53,95,97,112,155,191,215,266,312,315,370,430,432,435,500,535,568,569,892,932,1015,1043,1045,1089,1092,1103,1104,1121
1435|121,394,690,1027
1436|99,159,520,854
1437|22,533,647,840
1438|116,120,216,263,303,314,336,356,362,506,565,575,653,702,996,1060,1072,1098,1135,1151,1152
1439|1094,1132,1177
1440|117,1133
1442|41,64,95,134,148,307,311,312,377,385,438,444,503,567,573,617,618,640,841,1164
1443|378
1444|34,71,73,83,131,146,163,203,212,219,234,260,283,288,340,351,426,499,545,549,648,687,696,761,805,806,814,831,842,865,901,976,987,1036,1042,1049,1052,1067,1115,1126,1127,1128,1175,1197
1445|664,678,808,1176
1446|16,917,932,1056
1447|82,134,190,196,233,234,324,325,343,344,346,384,386,405,454,544,560,601,613,744,857,869,916,999,1021,1021,1082
1449|26,862,1093,1098
1450|116,120,162,188,278
1451|87,136,139,140,196,197,201,246,247,285,287,288,290,342,345,346,399,403,404,405,477,478,480,481,482,534,536,538,539,540,543,544,599,600,602,649,650,651,654,655,657,658,659,663,724,725,729,733,734,735,736,737,738,742,743,789,791,792,795,800,801,802,803,804,810,871,872,873,874,875,878,880,882,886,887,890,891,894,895,946,951,956,959,960,963,997,1020,1024,1025,1074,1076,1078,1079,1080,1082,1087,1088,1091,1098,1099,1100,1101,1107,1120,1148,1149,1153,1155,1157,1158,1162,1163,1167,1168,1171,1173,1177,1181
1452|69,84,87,134,148,161,233,247,253,264,304,323,327,342,350,351,355,366,383,399,408,413,416,501,512,549,558,673,683,739,754,912,917,918,922,972,980,983,1002,1015,1057,1066,1074,1082,1127,1146,1168,1199
1456|140,405
1457|29,380,1098
1458|428,481,1168
1461|126
1462|1014,1015
1463|397,428,441,471,555,609,663,670,747,941,1128,1187
1464|15,306,745,760,762,1125,1133,1183
1466|94,100,101,111,114,154,206,210,239,430,522,662,1132
1468|99,104,128,159,160,188,228,230,231,272,274,325,583,713,753,777,785,857,969,972,973,1034,1109,1117,1190
1470|548
1471|30,113,121,146,151,166,180,204,208,213,262,304,305,308,309,310,311,357,360,362,364,373,421,422,423,426,427,428,429,443,487,490,492,493,496,497,498,562,563,596,619,621,622,629,633,681,690,767,790,844,894,897,910,914,927,928,973,985,994,1188
1472|2,21,45,60,116,257,267,330,386,442,569,630,687,746,900,913,919,965,967,1179,1181
1473|8,9,43,95,115,155,499,919
1476|3,15,22,75,77,255,493
1478|2,8,9,21,45,60,87,116,118,218,256,267,313,317,437,438,474,502,503,506,559,569,627,694,696,788,789,869,963,990,1009,1044,1066,1073
1479|57,137,316
1480|3,107,396,540,595,825,1112
1481|2,10,21,45,60,116,267,281,381,569,598,641,1002,1085
1482|8,9,43,57,95,96,115,146,155,216,264,302,316,360,426,428,436,497,499,509,577,608,616,628,662,748,767,811,818,844,964,971,974,985,1178,1187
1483|0,123,213,276,311,345,357,360,362,429,463,562,647,953,967
1485|2,21,44,45,45,114,115,116,120,127,152,198,203,215,246,261,262,265,309,310,366,377,424,488,494,498,565,569,603,621,691,695,714,770,825,908,929,994,995,1000,1011,1049,1057,1058
1486|25,99,104,107,128,129,159,160,163,165,187,188,228,230,231,272,273,274,283,320,325,336,395,396,397,398,409,583,595,645,646,704,709,713,718,759,777,785,857
1488|41,45,217,264,433,499,533,769,894,916,945
1489|3,45
1491|133,165,336,529,645,718,945,946,1003,1016,1064,1067,1068,1111,1147,1148,1149
1493|255,416,428,669,671
1495|3,8,9,43,95,115,155,499
1497|387
1498|30,135,203,328,400,418,428,631,834,856,891,925,926,987,989,1053,1130,1133
1499|107,575,595,645,646,702,996,1060,1135
1500|52,94,176,204,251,255,304,346,366,421,427,492,496,541,553,558,631,702,723,866,910,913,914,1058,1124,1160,1182,1199
1501|2,21,45,60,116,267,569
1502|4,160,515,759,819,1033,1185,1196
1503|126,153,379,511,523,564,610,757,820,907,986,1107,1154
1504|2,21,45,60,116,267,569
1505|746,900,967
1506|919,980
1507|16,216,263,303,314,625
1508|3,900
1509|0,47,236,389,425,528,584,656,704,776,780,1020
1510|13,16
1511|385,980,986
1512|60,980
1513|2,3,5,8,9,11,12,13,16,19,20,21,21,22,31,32,33,34,41,42,43,44,45,53,54,55,56,57,58,59,60,61,62,70,71,72,73,74,75,89,90,91,92,93,94,95,96,97,110,111,112,113,114,115,116,117,118,119,120,121,140,145,146,147,148,149,150,151,152,153,154,155,172,173,173,174,175,175,176,177,178,179,179,180,181,182,183,205,206,207,208,209,210,211,212,213,214,215,215,216,217,218,219,219,255,256,257,258,259,260,261,262,263,264,265,266,267,268,269,296,297,298,299,300,301,302,303,304,305,306,307,308,309,310,311,312,313,314,315,316,317,341,352,353,354,355,356,357,358,359,360,361,361,362,363,364,365,366,367,368,369,370,371,372,373,374,375,376,377,419,420,421,422,423,424,425,426,427,428,429,430,431,431,432,433,434,435,436,437,438,439,440,441,442,443,444,445,486,489,490,491,492,493,494,494,495,496,497,498,499,500,500,501,502,503,504,505,506,507,508,509,553,559,560,561,562,563,564,565,566,567,568,569,570,571,572,573,574,575,576,577,578,617,618,618,619,620,621,622,623,624,625,626,627,628,629,630,631,658,672,684,688,689,689,690,691,691,692,693,694,695,696,697,697,698,699,700,701,702,703,761,766,767,768,769,770,771,772,773,774,775,778,804,820,821,824,841,842,843,844,845,846,847,848,849,850,851,851,852,853,886,927,927,928,929,930,931,932,933,976,994,995,996,997,1007,1030,1048,1056,1057,1058,1059,1060,1114,1116,1134,1134,1135,1192
1514|13,16,21,1189
1515|16
1516|16,263,314
1517|6,179,864,915
1518|21
1519|113,261,308,754,844,848,985
1520|16,21,60
1521|16,89,96,142,182,183,201,216,217,264,367,565,611,655,769,1042,1043,1105,1159
1522|8,9,43,95,115,155,499,614,828,831,1199
1523|21
1524|1146
1525|21,89,96,134,182,183,216,217,264,367,769
1526|3,45,60,84,108,121,446,682,790,819,825,870,908,912,928,939,975,1058,1156
1527|13
1528|465
1529|198,600,765,1068
1531|403,468,790,1034,1073,1147,1165,1188
1533|612
1534|802,881,952,1161
1535|105,239,274,304,333,350,357,387,388,391,392,477,524,527,551,572,581,582,588,592,593,601,642,646,659,663,667,684,697,698,712,822,823,850,851,853,937,950,953,955,999,1001,1119,1192
1536|40,147,289,376,443,502,554,572,655,681,819,842,863,899,906,936,947,981,1013,1038,1070,1115,1124
1537|213,295,360,362,429,468,494,504,542,562,665,690,730,847,848,1084
1538|26,61,63,99,128,129,158,163,175,240,250,262,272,276,277,298,371,395,437,474,508,650,785,847,869,934,1143
1540|16,24,31,40,45,58,59,61,62,71,89,94,119,146,194,212,216,262,293,297,298,300,302,303,313,315,368,374,419,429,437,438,478,492,492,496,498,502,503,509,558,573,574,577,617,640,688,694,700,740,758,769,770,790,841,852,865,870,929,932,1014,1058,1069,1070,1073,1101,1195,1197
1541|15,69,88,109,135,136,137,138,139,140,141,168,169,196,197,198,245,246,247,248,249,250,285,286,287,288,289,290,339,340,341,342,343,344,345,346,399,400,401,402,403,404,405,406,475,476,477,478,479,480,481,482,483,535,536,537,538,539,540,541,542,543,544,545,546,598,599,600,601,602,603,649,650,651,652,653,654,655,656,657,658,659,660,661,722,724,725,726,727,728,729,730,731,732,733,734,735,736,737,738,739,740,741,791,792,793,794,795,796,797,798,799,800,801,802,803,804,805,806,807,872,873,874,875,876,877,878,879,880,881,882,883,884,885,886,887,888,889,890,949,950,951,952,953,954,955,956,957,958,959,960,961,962,963,1016,1017,1018,1019,1020,1021,1022,1023,1024,1074,1075,1076,1077,1078,1079,1080,1081,1082,1083,1084,1085,1086,1087,1153,1154,1155,1156,1157,1158,1159,1160,1161,1162,1163,1164,1165,1166,1167,1168,1169,1170,1171,1172,1173,1174,1175
1542|1041
1543|269,350,438,551,611,621,667,669,674,683,765,819,822,837,921,922,981,988,995,1036,1052,1055,1114,1116,1119,1192
1544|111,139,141,196,197,247,249,250,289,290,344,345,346,404,405,477,479,482,544,545,600,657,659,660,735,736,737,739,740,801,803,886,957,1167,1186
1546|219,729,826,846,847,1039,1041,1145
1547|53,72,90,172,174,175,208,209,266,354,359,424,439,495,564,566,676,756,758,831,845,908,1127
1548|133,346,404,405,480,544,670,684,944,959,976,1048,1091,1116,1168
1549|0,1,4,6,10,14,17,18,23,24,25,26,27,28,29,30,35,36,37,38,39,46,47,48,49,50,51,63,64,65,66,67,68,76,77,78,79,80,81,82,83,84,85,86,98,99,100,101,102,103,104,105,106,107,108,122,123,124,125,126,127,128,129,130,131,132,133,134,146,156,157,158,159,160,161,162,163,164,165,166,167,184,185,186,187,188,189,190,191,192,193,194,195,220,221,222,223,224,225,226,227,228,229,230,231,232,233,234,235,236,237,238,239,240,241,242,243,270,271,272,273,274,275,276,277,278,279,280,281,282,283,284,306,318,319,320,321,322,323,324,325,326,327,328,329,330,331,332,333,334,335,336,337,378,379,380,381,382,383,384,385,386,387,388,389,390,391,392,393,394,395,396,397,398,446,447,448,449,450,451,452,453,454,455,456,457,458,459,460,461,462,463,464,465,466,467,468,469,470,471,472,473,510,511,512,513,514,515,516,517,518,519,520,521,522,523,524,525,526,527,528,529,530,531,532,579,580,581,582,583,584,585,586,587,588,589,590,591,592,593,594,595,596,632,633,634,635,636,637,638,639,640,641,642,643,644,645,646,704,705,706,707,708,709,710,711,712,713,714,715,716,717,718,719,773,776,777,778,779,780,781,782,783,784,785,786,825,854,855,856,857,858,859,860,861,862,863,864,865,866,867,867,934,935,936,937,938,939,940,941,942,998,999,1000,1001,1002,1003,1061,1062,1063,1118,1132,1136,1137,1141,1152
1551|108,204,488,556
1552|54,91,145,189,245,431,484,500,539,561,608,748,818,971,1055,1061
1553|552,672,674,751,755,757,758,827,836,925,982,1053,1114,1121,1123,1198
1555|283,338,478,480,488,533,542,556,597,647,661,678,720,721,722,723,751,764,787,791,867,868,886,943,944,991,1004,1005,1006,1007,1008,1009,1010,1046,1064,1065,1126,1138,1139,1140,1141,1142,1143,1144,1145,1146
1556|18,31,42,79,279,344,390,462,463,464,466,468,520,544,640,855,1068,1142,1147
1557|53,164,172,177,198,209,213,265,301,371,377,397,438,603,640,673,675,715,772,827,845,846,851,874,1025,1027,1096,1182,1195
1558|98,203,295,418,442,615,685,687,764,834,837,925,926,987,988,989,1049,1051,1052,1053,1054,1086,1130,1132,1133
1559|7,35,38,114,117,142,143,144,200,204,217,252,253,254,293,350,368,408,409,410,411,414,415,418,549,550,554,555,609,612,615,670,677,683,685,686,687,695,747,752,753,755,757,762,763,764,765,820,834,835,836,837,839,901,902,905,907,909,911,912,921,926,977,978,979,983,986,987,988,991,992,993,1038,1043,1045,1047,1049,1050,1052,1053,1054,1055,1056,1112,1116,1123,1126,1129,1130,1131,1132,1133,1192,1198
1560|589,1183
1562|313,350,412,551,611,667,822,904,973,1119
1563|32,42,54,89,96,97,146,148,155,216,303,313,365,366,367,431,433,436,463,489,498,499,500,502,503,561,674,758,768,769,770,868,981,1100
1564|39,51,134,182,240,303,420,505,843,862,892,929,997,1146
1565|202,409
1566|47,49,50,85,98,156,161,179,184,192,193,220,222,223,227,235,236,237,270,277,338,370,388,389,454,456,460,461,513,515,516,517,518,519,580,584,585,588,591,635,638,639,642,704,706,720,721,780,781,782,787,829,867,867,1000,1006,1008,1055,1138,1139,1140,1141
1567|209,306,691
1568|991
1570|2,5,8,20,151,169,205,251,286,343,400,468,489,632,643,662,740,775,964,1018,1021,1029,1075,1077,1099,1102
1571|199,297,437
1572|284
1573|114,354,361,717,1182
1577|248,355,505,514,599,826,861,968
1580|1,4,18,23,27,39,46,51,52,54,57,71,72,78,82,91,108,133,134,145,162,166,167,171,194,195,198,204,240,242,243,244,253,278,283,297,316,323,331,334,335,336,337,351,352,373,377,386,394,396,397,398,416,445,465,471,488,509,529,553,556,557,564,596,610,614,617,644,645,646,672,679,683,685,696,709,718,719,723,727,734,759,760,761,806,811,826,831,832,841,845,847,861,863,863,865,916,917,918,930,941,981,982,1000,1003,1017,1033,1041,1046,1063,1078,1081,1108,1114,1117,1120,1121,1122,1174,1184,1194,1197,1198
1581|175,259,347,439,626,762,823,850,851,916,1125
1582|49,50,62,65,73,143,183,184,227,237,239,244,407,467,585,1012,1065,1111,1138,1148
1584|196,197,249,533,660,1144
1586|119,293,315,756,832,1076,1164
1591|3,9,12,34,36,37,47,57,72,91,106,124,145,155,166,196,197,204,207,253,297,316,351,368,373,377,432,434,500,553,557,564,569,610,614,617,660,672,679,683,759,760,761,770,790,826,831,832,841,845,884,885,916,918,920,930,981,982,1011,1041,1046,1069,1073,1114,1120,1121,1122,1152,1194,1197,1198
1592|167,292,452,525,665,746,812,899,900,967,968,1030,1031,1032,1108,1127,1186,1187,1188,1189
1593|23,63
1594|85,105,191,210,479,541,549,565,656,672,745,793,799,812,862,882,883,884,934,948,1019,1143
1595|61,62,74,90,93,178,256,259,300,308,310,370,371,377,420,423,424,431,433,434,444,489,490,495,506,563,567,573,620,621,623,690,692,700,701,702,768,770,846,849,850,853,928,994,1029
1599|6,21,26,26,34,48,52,61,99,159,159,171,185,188,196,197,215,228,249,275,342,353,475,494,508,573,617,623,630,660,780,841,852,855,865,868,932,950,979,1099,1176
1600|247,399,400,556,658,804,1082,1094,1163,1168
1604|0,151,153,351,657,771,822,907,997,1037
1605|98
1606|46,56,88,106,121,122,185,215,226,378,379,414,459,466,471,479,587,596,657,659,686,695,699,715,739,778,785,800,801,882,939,994,1013,1039,1070,1087,1107,1155,1167
1608|56,75,150,258,356,418,426,488,556,616,626,669,671,695,775,825,837,908,926,971,972,995,1117
1609|659
1610|27,257,265,341,401,406,494,602,603,622,644,699,721,722,731,741,805,806,854,876,887,890,957,958,963,1023,1083,1085,1146,1171,1172,1175,1182,1184
1611|654,880,1052
1614|198,414,440,600,738
1615|327,480,579,1182
1617|12,152,199,211,305,361,488,620,621,629,677,685,691,697,759,824,835,837,838,851,853,926
1618|59,71,72,115,179,261,298,304,365,376,423,552,692,701,821,849,931,995,1040,1116
1619|98,279,465,1061
1620|404
1621|133,336,645,827,1003,1006,1026,1064
1622|201
1623|437
1624|376
1625|61,178,179,311,404,423,701,947
1626|1129
1627|933
1628|62,142,201,218,345,435,440,442,443,444,483,500,546,562,566,698,793,805,809,842,846,897,941,962,968,1043,1084,1086,1110,1169,1170,1189
1629|99,413,488,616,754,765,771,822,910,1015,1037,1055,1056
1630|31,574
1631|851
1633|169,278,653,728,730,842,878,927,1153
1634|318,458,936
1635|7,12,13,39,40,52,58,66,71,132,142,143,144,170,171,200,201,202,203,204,229,252,253,254,293,294,295,347,348,349,350,351,375,376,407,408,409,410,411,412,413,414,415,416,417,418,443,445,484,485,486,487,488,505,506,509,509,548,549,550,551,552,553,554,555,556,557,558,571,576,577,595,604,605,606,607,608,609,610,611,612,613,614,615,616,641,648,666,667,668,669,670,671,672,673,674,675,676,677,678,679,680,681,682,683,684,685,686,687,696,730,747,748,749,750,751,752,753,754,755,756,757,758,759,760,761,762,763,764,765,773,774,775,814,815,816,817,818,819,820,821,822,823,824,825,826,827,828,829,830,831,832,833,834,835,836,837,838,839,840,901,902,903,904,905,906,907,908,909,910,911,912,913,914,915,916,917,918,919,920,921,922,923,924,925,926,970,971,972,973,974,975,976,977,978,979,980,981,982,983,984,985,986,987,988,989,990,991,992,993,998,1026,1035,1036,1037,1038,1039,1040,1041,1042,1043,1044,1045,1046,1047,1048,1049,1050,1051,1052,1053,1054,1055,1056,1070,1111,1112,1113,1114,1115,1116,1117,1118,1119,1120,1121,1122,1123,1124,1125,1126,1127,1128,1129,1130,1131,1132,1133,1191,1192,1193,1194,1195,1196,1197,1198,1199
1636|267,366,417,675,932,1095
1637|392,523,590,850
1639|439,679,768,848,1044,1056
1640|23,96,329,355,357,460,493,563,652,665,739,825,862,877,927,1039,1041,1093,1105
1641|20,117,458,489,936,1010,1088,1138
1642|135,208,256,356,402,617,621,663,740,841,996,1060,1075,1135
1644|48,64,121,124,786
1646|204,551,611,761,830,904,923,1198
1647|82,154,358,397,425,507,514,1059
1648|27,28,189,243,322,377
1649|106,136,218,276,281,459,526,538,934,937,938,1099,1136,1185
1650|842,906,1115
1651|11,55,824,842,871,1014
1652|10,21,30,34,73,78,81,124,153,212,221,222,223,257,273,318,338,393,424,426,564,616,650,676,736,755,835,838,874,892,905,923,936,956,978,1005,1031,1080,1164,1186
1653|11,18,38,77,83,111,146,164,191,223,235,273,318,327,372,375,386,412,425,458,490,505,507,560,563,579,581,632,637,706,708,716,782,846,852,854,909,933,937,977,1059,1062
1654|170,415,604,666,747,748,815,836,839,840,902,978,986,1129,1130,1131
1655|4,78,153,189,322,406,533,546,602,603,647,669,741,805,807,817,888,890,948,960,962,963,1017,1024,1051,1083,1084,1086,1169,1171,1175
1656|40,152,153,488,556,621,669,681,697,754,825,837,853,926,927,972,973
1657|0,1,6,17,25,26,30,38,46,77,98,99,104,122,125,130,132,156,159,162,184,227,232,233,238,242,274,276,279,282,326,329,366,380,382,387,390,452,453,465,466,472,473,511,512,520,521,532,579,581,582,583,586,593,594,632,633,634,636,637,643,710,715,716,776,778,836,854,856,998,1046,1061,1062,1116,1121
1658|309,664,703
1661|29,68,86,137,233,329,331,381,429,455,514,547,725,778,783,894,935,984,1102
1662|653,734,874,879,954,1078,1079,1081
1663|623,850,928
1665|403,1018
1667|11,155,261,364
1668|23,29,81,169,195,230,286,329,331,343,380,382,400,476,564,582,636,672,950,954,955,1018,1021,1075,1077,1114,1156
1669|482,736,1162
1673|704,1107
1674|599
1678|1,15,69,109,135,139,168,196,198,245,246,248,286,287,288,339,400,402,404,406,472,477,480,481,482,483,536,537,540,542,543,545,598,601,649,650,652,655,658,661,722,728,730,732,733,736,791,792,794,796,797,799,804,872,874,878,879,881,883,885,889,890,949,953,955,957,961,1016,1017,1019,1021,1022,1024,1077,1078,1079,1080,1082,1084,1086,1153,1157,1159,1162,1164,1165,1168,1170,1173,1175
1679|37,278,379,389,461,810
1683|609,755,1039,1128
1687|137,248,599,959
1688|1042,1043
1689|544,601,633,748,958
1691|269,662,810,897,1025,1027,1095,1102,1178
1694|417,1181
1695|83,201,203,245,327,462,707,731,741,958,1029,1142
1696|143,164,190,261,279,407,520,615,686,755,905,906,970,1050,1053
1697|302,466
1698|1,281,472,479,528,631,657,660,664,701,737,739,801,979,1167,1183
1700|0,121,413,495,508,574,578,596,628,678,1003,1098
1701|14,35,124,224,450,532
1702|42,55,95,112,113,181,212,260,261,266,267,307,365,425,426,431,432,441,568,570,572,627,667,681,682,771,844,920,930,985,1134
1703|320,382,391,582,583,748,970
1707|520
1708|14,16,126,439,459,507,539,626,856,899,945,1076
1710|270
1713|177,772,787,1004
1715|18,94,100,101,123,152,157,166,183,205,238,262,265,289,295,317,354,357,418,477,491,506,565,567,569,576,648,680,719,723,759,770,778,839,865,873,971,1067,1102,1130,1131,1133,1182
1716|28,69,792,793,1074,1189,1199
1721|971
1724|1071
1726|104
1728|74,151,352,421,422,492,496,566,629,704,826
1729|132,385,940
1730|1186
1731|211,249,295,375,417,422,444,496,545,578,657,701,703,723,801,848,893,931,932,933
1732|290,753,892,945,1071,1096
1733|959
1734|0,4,123,140,199,252,345,349,377,463,478,482,484,608,647,658,735,736,774,792,802,803,804,835,838,843,849,868,877,885,886,953,967,1078,1081
1735|82,136,214,272,285,364,367,441,528,534,550,650,682,810,857,865,870,898,979,993,1021,1059,1069,1076,1192
1738|50,169,343,651,726,727,796,805,806,877,887,888,950,1017,1074,1076,1154,1171,1175
1739|21,99,116,120,152,159,265,267,312,352,366,369,370,434,501,624,1057
1740|133,283,551,679,1119
1742|103,132,280,319,329,462,476,786,788,855,942,1144
1746|2,5,8,37,41,190,206,322,821,1047,1051
1748|46,98,442,530,644,805,862,863,889,965,1169,1172
1749|489,768,787,943,1004,1138,1140
1750|210,719
1755|41,42,177,269,300,640,981
1757|773,1014
1758|417,737
1762|111,375,434,579,852,933
1764|12,49,484,547,608,643,663,707,743,894,989,1088
1769|980,1110
1770|74,118,180,349,491,910
1772|98,194,661,718,928,969,970
1773|57,316,970
1774|36,37,446,461,939,1173
1775|157,158,456,809,1098
1776|44,97,177,255,308,355,366,435,483,572,688,717,742,927,948,1089,1101,1121,1174
1777|48,846,849,1198
1778|11,13,56,97,111,143,182,365,565,631,747,787,834,839,840,986,989,995,1011,1045,1050,1129,1130,1131,1133
1779|304,571,793,919
1781|48,133,251,273,283,291,292,306,322,349,446,461,477,551,570,601,654,664,665,666,679,730,746,750,764,811,812,816,825,879,898,899,900,912,966,967,968,970,1031,1032,1033,1047,1051,1056,1105,1106,1107,1108,1119,1120,1166,1185,1186,1187,1188,1189
1784|762,1117,1125
1785|193,237,457,520
1786|82,428,866
1787|784
1789|23,30,68,79,86,132,182,213,279,328,331,390,416,455,462,464,466,467,514,520,521,547,586,641,663,709,710,715,723,743,744,745,783,809,810,854,872,894,896,897,935,936,998,999,1016,1028,1096,1097,1098,1100,1102
1790|470,501
1792|112,114,120,151,152,178,204,303,361,363,420,421,422,423,427,487,497,507,619,625,629,767,849,994,997
1793|1,133,140,283,291,324,384,472,577,654,658,696,699,700,735,810,826,959,1003,1033,1078,1106,1151,1155,1158
1795|903
1796|90,105,176,207,255,259,275,296,323,355,376,382,450,486,511,558,618,688,766,1132
1797|17,29,39,76,77,94,134,162,167,223,233,234,270,284,326,329,331,337,380,393,446,513,516,523,530,532,579,580,585,587,590,591,637,642,679,696,716,775,781,812,858,869,939,942,1044,1107,1145,1146,1147
1799|658,774
1800|3
1801|197,247,249,289,340,399,539,602,607,654,655,656,724,795,958,1020,1031,1081,1160,1186
1802|345,410,534,1013,1071
1804|339,486
1805|6,32,43,47,60,94,106,115,138,188,206,219,269,312,342,367,371,375,376,416,442,443,501,504,535,629,746,760,813,821,891,957,971,1002,1012,1031,1091,1100,1186
1808|1095
1811|603,624,797,1173
1812|170,171,247,250,333,355,398,516,592,604,608,639,661,698,705,737,745,756,758,832,946,984,1032,1042,1061,1093,1097
1814|22,269,774,1144
1816|30,68,83,84,131,512,799,1065,1080
1817|1095
1818|0,1,219,394,472,693,967,1051,1063,1105
1820|220,635
1825|260
1828|248,733,1080
1829|2,5,8,11,17,19,20,22,24,29,33,34,35,36,41,42,47,55,56,57,58,61,62,64,67,70,72,73,74,76,80,81,90,93,96,101,110,111,112,113,114,119,120,124,127,130,131,146,148,149,151,152,153,154,160,172,173,174,175,177,178,181,183,186,188,190,195,205,208,209,211,212,213,214,215,217,218,219,224,225,230,231,256,257,259,260,264,265,266,268,272,274,277,279,296,297,298,299,301,303,305,306,307,308,310,311,312,313,314,315,316,328,332,338,354,355,356,358,359,360,361,362,363,364,365,366,367,368,369,371,372,373,381,391,393,394,419,420,421,422,423,424,428,429,431,432,433,434,436,437,438,440,442,444,446,449,450,471,489,490,491,492,494,495,496,498,500,502,506,508,509,519,522,527,531,532,545,556,559,560,562,563,564,565,567,568,571,573,574,577,581,583,587,589,591,597,609,618,619,620,621,622,623,624,625,626,627,628,668,676,688,689,690,691,692,693,694,695,696,699,700,701,702,703,713,737,754,766,767,768,769,770,796,827,842,843,844,846,849,859,922,927,928,929,933,938,980,982,994,997,1007,1010,1037,1057,1058,1136,1139
1831|61,142,144,151,153,155,165,170,199,252,269,281,351,357,407,410,411,412,472,484,487,550,555,561,604,605,606,667,670,686,728,747,748,749,750,753,771,813,814,816,819,821,824,826,833,846,901,904,906,907,926,930,969,970,971,972,975,1034,1035,1036,1039,1041,1109,1110,1116,1124,1128,1132,1134,1190,1196
1832|189
1833|267,366,506
1836|774
1839|151,153,351,371,822,869,997,1010,1037
1840|174
1842|215,287,604,726,796
1844|493
1846|14,361,404,482,736,1041,1162
1847|811
1848|716,1116
1850|214,217,218,368,369,425,434,438,501,694,774,1180
1851|2,3,5,8,9,11,13,16,19,20,21,22,31,32,33,34,41,42,43,44,45,53,54,55,56,57,58,59,60,61,62,70,71,72,73,74,75,89,90,91,92,93,94,95,96,97,110,111,112,113,114,115,116,117,118,119,120,121,139,140,145,146,147,148,149,150,151,152,153,154,155,172,173,174,175,176,177,178,179,180,181,182,183,205,206,207,208,209,210,211,212,213,214,215,216,217,218,219,255,256,257,258,259,260,261,262,263,264,265,266,267,268,269,285,287,296,297,298,299,300,301,302,303,304,305,306,307,308,309,310,311,312,313,314,315,316,317,352,353,354,355,356,357,358,359,360,361,362,363,364,365,366,367,368,369,370,371,372,373,374,375,376,377,417,419,420,421,422,423,424,425,426,427,428,429,430,431,432,433,434,435,436,437,438,439,440,441,442,443,444,445,481,489,490,491,492,493,494,495,496,497,498,499,500,501,502,503,504,505,506,507,508,509,557,559,560,561,562,563,564,565,566,567,568,569,570,571,572,573,574,575,576,577,578,599,602,617,618,619,620,621,622,623,624,625,626,627,628,629,630,631,654,658,688,689,690,691,692,693,694,695,696,697,698,699,700,701,702,703,725,726,736,738,742,760,766,767,768,769,770,771,772,773,774,775,802,803,804,841,842,843,844,845,846,847,848,849,850,851,852,853,873,874,878,882,887,890,927,928,929,930,931,932,933,959,963,994,995,996,997,1005,1020,1024,1025,1046,1057,1058,1059,1060,1087,1091,1093,1098,1134,1135,1148,1163,1173,1177
1853|693
1854|57,62,65,239,242,309,406,444,481,602,603,807,852,890,897,907,1103,1110,1148
1855|461,919
1856|133,283,452,551,679,944,967,1033,1108,1140
1857|373
1859|807
1862|32
1864|1139
1865|139,198,927,948
1866|419,970,1128
1868|76,87,134,148,161,187,238,253,264,304,323,327,350,351,383,388,399,408,413,416,512,526,549,558,590,673,683,713,739,754,860,912,917,918,922,972,980,983,1002,1015,1057,1066,1074,1082,1127,1146,1199
1882|54,110,284
1883|105,275,323,355,382,450,511
1884|10,170,171,270
1888|376,773
1890|773
1891|369,618,886,965,1014
1892|911,925
1896|36,226,673,914,966,1136
1897|14,156,232,450,532,593,594,715,716,784,1001
1898|227,1109
1900|285,366,504,867,878,885,1019,1020,1163
1902|121,208,485,719,784,1109,1191
1905|880,1071
1906|15,135,139,140,141,165,168,197,249,286,289,290,340,346,399,406,478,546,600,602,653,654,655,656,657,659,660,722,724,726,735,737,738,793,795,799,801,802,803,807,875,877,880,883,886,888,899,949,951,952,953,958,959,1018,1020,1022,1023,1075,1077,1081,1083,1085,1087,1154,1155,1159,1160,1160,1161,1162,1166,1167,1169,1171,1174
1907|294,507,521,550,1010,1051
1911|211,290,305,620,968,1118
1913|253,350,410,411,412,551,610,611,613,667,701,822,904,972,973,974,1051,1119
1916|208,353
1917|25,65,91,129,145,180,208,239,288,312,340,354,364,395,430,490,510,634,713,775,814,902,1010,1107
1918|412,447,819,1046,1138
1921|66,229,263,314,322,510,885,946,956
1924|53,54,89,96,112,205,364,438,503
1925|105,275,320,353,370,583,938
1929|662
1931|515
1932|27,46,143,177,339,373,662,834,862,926,964,986,999,1029,1050,1102
1934|13,28,66,78,83,86,123,131,229,240,245,318,327,454,464,465,529,595,614,707,730,761,765,783,828,854,975,1026,1029,1036,1081
1935|1,70,344,404,472,544,657,1058
1937|200,346,763,992
1938|430,550,746,953,1111
1939|3,10,26,48,53,61,63,77,81,96,99,112,128,129,158,159,163,175,220,230,237,238,240,250,262,267,272,276,277,298,299,371,380,395,430,437,448,457,474,491,492,508,573,580,584,585,617,624,633,638,643,650,693,785,841,847,852,890,932,934,1039,1058,1113,1143
1940|287,600,793,968,1189
1941|64,241,372,480,552,626,665,727,823,851,881,981,1097,1108
1942|6,61,508,697,1012,1063
1944|105,122,232,517
1946|0,1,4,6,10,14,17,18,23,24,25,26,27,28,29,30,35,36,37,38,39,46,47,48,49,50,51,63,64,65,66,67,68,76,77,78,79,80,81,82,83,84,85,86,98,99,100,101,102,103,104,105,106,107,108,122,123,124,125,126,127,128,129,130,131,132,133,134,156,157,158,159,160,161,162,163,164,165,166,167,184,185,186,187,188,189,190,191,192,193,194,195,220,221,222,223,224,225,226,227,228,229,230,231,232,233,234,235,236,237,238,239,240,241,242,243,244,270,271,272,273,274,275,276,277,278,279,280,281,282,283,284,318,319,320,321,322,323,324,325,326,327,328,329,330,331,332,333,334,335,336,337,378,379,380,381,382,383,384,385,386,387,388,389,390,391,392,393,394,395,396,397,398,446,447,448,449,450,451,452,453,454,455,456,457,458,459,460,461,462,463,464,465,466,467,468,469,470,471,472,473,510,511,512,513,514,515,516,517,518,519,520,521,522,523,524,525,526,527,528,529,530,531,532,534,579,580,581,582,583,584,585,586,587,588,589,590,591,592,593,594,595,596,597,632,633,634,635,636,637,638,639,640,641,642,643,644,645,646,648,704,705,706,707,708,709,710,711,712,713,714,715,716,717,718,719,750,765,776,777,778,779,780,781,782,783,784,785,786,790,837,854,855,856,857,858,859,860,861,862,863,864,865,866,867,870,871,934,935,936,937,938,939,940,941,942,943,944,945,946,947,948,998,999,1000,1001,1002,1003,1011,1012,1013,1014,1015,1027,1061,1062,1063,1067,1068,1069,1070,1071,1072,1073,1136,1137,1141,1147,1148,1149,1150,1151,1152
1949|3,414
1950|784,1045
1951|879
1952|835
1954|0,1,6,26,35,37,46,102,157,226,242,319,324,335,367,378,379,389,472,528,639,862,1002,1136
1955|19,24,32,39,45,59,75,80,99,102,104,104,114,116,120,125,126,127,139,155,170,171,176,198,201,210,224,242,245,246,258,259,275,280,294,319,328,334,369,382,419,462,467,473,486,488,497,502,510,524,530,539,559,565,573,592,609,616,618,632,636,643,752,754,756,765,771,774,776,785,786,788,791,794,802,809,822,831,845,856,859,895,910,923,964,978,998,1037,1055,1056,1061,1094,1142,1177
1957|0,1,27,35,36,46,153,242,275,285,319,335,418,424,472,473,528,564,639,644,647,676,695,697,779,786,837,851,861,862,863,864,941,1002,1019,1020,1041,1063,1118
1958|27,46,551,679,864,1119
1960|157
1963|731,1179
1966|3,34,72,297,317,359,413,417,491,557,558,561,572,614,675,757,759,826,830,909,933,1031,1038,1122,1194,1197
1969|653
1970|115,215,314,366,369,434
1972|375,852
1973|43,66,164,209,229,245,246,316,355,399,467,497,505,510,539,545,574,662,774,852,1034,1177
1975|75,258,373,374,377,383,492,553,574,617,740,779,832,841,852,932,979,1032,1058,1101
1976|199,252,349,1034,1054
1978|970
1979|827
1980|32,55,210,260,312,479,549,672,745,934,1114,1143,1176
1981|486,554
1982|306
1983|610,904
1986|618
1988|813,1173
1990|1172
1993|493,494,945,1048,1067,1068,1147,1148,1149
1994|802,947
1996|4,15,69,87,88,109,135,136,137,138,139,140,141,147,158,162,167,168,169,196,197,198,230,245,246,247,248,249,250,284,285,286,287,288,289,290,329,331,339,340,341,341,342,343,344,345,346,350,381,390,399,400,401,402,403,404,405,406,415,462,463,465,474,475,476,477,478,479,480,481,482,483,532,535,536,537,538,539,540,541,542,543,544,545,546,598,599,600,601,602,603,645,649,650,651,652,653,654,655,656,657,658,659,660,661,709,722,723,724,725,726,727,728,729,730,731,732,733,734,735,736,737,738,739,740,741,742,783,788,789,791,792,793,794,795,796,797,798,799,800,801,802,803,804,805,806,807,831,869,872,872,873,874,875,876,877,878,879,880,881,882,883,884,885,886,887,888,889,890,891,915,922,949,950,951,952,953,954,955,956,957,958,959,960,961,962,963,969,977,979,983,998,999,1016,1017,1018,1019,1020,1021,1022,1023,1024,1034,1066,1074,1075,1076,1077,1078,1079,1080,1081,1082,1083,1084,1085,1086,1087,1088,1090,1101,1108,1109,1115,1127,1143,1153,1154,1155,1156,1157,1158,1159,1160,1161,1162,1163,1164,1165,1166,1167,1168,1169,1170,1171,1172,1173,1174,1175,1177,1190
1998|256,605,750,984,1054,1111
1999|473,604,954
2000|346,881,1161
2001|28,167,251,292,746,811,812,898,899,900,966,968,1031,1105,1106,1127,1186,1188
2003|7,35,38,142,143,144,200,204,252,253,254,293,350,408,409,410,411,414,415,418,549,550,554,555,609,612,615,670,677,683,685,686,687,747,752,753,755,757,762,763,764,765,820,834,835,836,837,839,901,902,905,907,909,912,921,926,977,978,979,983,986,987,988,991,992,993,1038,1043,1045,1047,1049,1050,1052,1053,1054,1055,1056,1112,1116,1123,1126,1129,1130,1131,1132,1133,1192,1198
2004|169,343,541,542,651,652,727,729,731,876,877,950,952,1017,1074,1075,1076,1154
2005|54,91,110,146,847
2007|17,83,131,160,165,228,233,312,392,569,588,711,728,770,984,990,1110
2010|376,627,680,763,773,851,990,1044
2011|21,93,121,214,364,701,970
2012|19,33,119,214,296,364,489,694,842,927,1058,1081
2015|130,211,338,344,468,544,633,641,737,758,798,866,868,948,1065,1072,1145
2018|13,26,67,76,96,102,157,183,187,216,264,389,436,441,447,456,728,796,887,1024,1145,1199
2019|382
2020|4,36,891,1002
2021|197,660,682,924,1144
2022|607,835,838
2023|327,474,533,647,651,723,727,729,869,876,962,963,1066,1076
2024|18,92,103,127,150,258,273,280,311,326,334,345,361,372,412,453,457,471,505,511,581,588,632,691,706,737,750,782,802,806,913,931,937
2025|69
2027|48
2028|305,620,1118
2029|3,9,96,155,264,298,432,437,500,569,770
2030|0,1,14,40,64,110,164,177,200,235,242,350,417,450,472,486,528,643,657,675,684,717,753,759,771,772,789,804,862,863,891,907,924,940,992,1001,1062,1069,1140,1150
2031|50
2033|517,854
2036|107,803
2038|54,56,87,103,111,224,227,355,412,471,474,489,543,681,685,750,768,788,789,847,862,869,871,966,973,1066,1078,1096,1109,1160
2044|88,478,953,1155,1168
2045|259
2046|12,378,519,741,1035
2047|413,415,486,552,553,613,672,673,674,675,676,755,756,757,758,826,827,912,913,914,915,925,979,980,981,982,1039,1040,1041,1053,1121,1122,1123,1193,1194,1195