200|0|5|本命年红绳的戴法
201|0|5|春联上下联的区分
202|0|5|祈福许愿的传统方式
203|0|5|送礼要避开的忌讳
204|0|5|报丧的注意事项要点
205|0|10|模板复用效率技巧
206|0|10|快捷启动工具使用
207|0|10|工作优先级排序法
208|0|10|站会高效沟通技巧
209|0|10|会议结论输出技巧
210|0|10|两分钟原则应用法
211|0|10|拒绝艺术运用技巧
212|0|10|邮件附件规范技巧
213|0|10|沟通记录留存技巧
214|0|10|查找替换功能技巧
215|0|10|冻结窗格使用技巧
216|0|10|PPT整体结构设计
217|0|10|PPT备注页使用
218|0|10|文档比较功能技巧
219|0|10|行业资讯关注技巧
220|0|2|腌鱼抹盐去腥入味
221|0|2|银耳泡发两小时足够
222|0|2|海带泡发后要搓洗
223|0|2|干贝泡发加料酒去腥
224|0|2|蛋液打散充分起泡
225|0|2|煮蛋冷水下锅防裂
226|0|2|切鸡肉先拍松再切
227|0|2|小苏打洗菜去残留
228|0|2|小火慢炖汤更醇厚
229|0|2|五六成热油温中温
230|0|2|油温不同炸物效果不同
231|0|2|蒸鱼要水开再上锅
232|0|2|凉拌菜用米醋更清爽
233|0|2|白醋适合浅色菜肴
234|0|2|陈醋适合炖煮解腻
235|0|2|料酒下锅沿锅边烹
236|0|2|羊肉冷水浸泡去血水
237|0|2|羊肉配孜然增香去膻
238|0|2|冻肉腌过再炒更香
239|0|2|高压锅做红烧肉省时
240|0|2|炸东西油锅别装太满
241|0|2|热油溅到皮肤处理
242|0|2|切菜时注意力集中
243|0|2|检查漏气用肥皂水
244|0|4|储水式热水器泄压阀滴水
245|0|3|幼猫粮和成猫粮区别
246|0|3|猫粮成分表怎么看
247|0|3|训练零食应该怎么选
248|0|3|猫咪为什么突然不吃了
249|0|3|幼犬多久能学会定点
250|0|3|训练用零食会不会喂多
251|0|0|婴儿洗澡注意事项
252|0|5|正月初一传统禁忌
253|0|5|拜年时间的选择讲究
254|0|5|回礼的讲究与方式
255|0|10|待办事项软件使用
256|0|10|扫描文档实用技巧
257|0|10|误发邮件补救技巧
258|0|10|上班前五分钟规划
259|0|10|委托授权实用技巧
260|0|10|邮件抄送规则技巧
261|0|10|表情符号使用规范
262|0|10|情绪化表达控制法
263|0|10|IF条件函数用法
264|0|10|PPT版式应用技巧
265|0|10|数据可视化的技巧
266|0|10|会议纪要格式技巧
267|0|10|Excel数据验证
268|0|10|函数嵌套使用技巧
269|0|10|劳动合同留意要点
270|0|2|笋类焯水去除涩味
271|0|2|醒面时间不够面皮回缩
272|0|2|小火慢炖防止溢锅
273|0|2|炖豆子提前浸泡更省火
274|0|2|粉蒸肉垫红薯更香
275|0|2|勾芡分清薄芡厚芡
276|0|2|泡菜盐水比例要准确
277|0|2|辣椒籽辣度要控制
278|0|2|内脏类食材要彻底熟透
279|0|2|绿叶菜用纸包着放
280|0|2|鲜肉清洗后再分装
281|0|2|煮饭水量看一个指节
282|0|2|红烧肉配菜要后放
283|0|2|老人孩子用气需看护
284|0|2|微波加热时间宁短勿长
285|0|3|换粮后拉稀怎么办
286|0|3|宠物零食多久喂一次
287|0|3|猫咪不爱喝水怎么办
288|0|3|老年猫饮食怎么调整
289|0|3|幼犬社会化关键期
290|0|3|怎么训练狗狗不捡食
291|0|0|新生儿脐带护理要点
292|0|0|婴儿肠绞痛缓解方法
293|0|5|属相与年龄的计算
294|0|5|秋分竖蛋的传统习俗
295|0|5|民俗忌讳的理性看待
296|0|10|批量任务处理技巧
297|0|10|日历管理使用技巧
298|0|10|文件版本管理技巧
299|0|10|录屏工具使用技巧
300|0|10|收藏夹管理实用法
301|0|10|时间日志记录技巧
302|0|10|番茄钟工作法使用
303|0|10|汇报结构设计技巧
304|0|10|选择题式请示做法
305|0|10|拒绝理由说明技巧
306|0|10|头脑风暴组织技巧
307|0|10|邮件标题规范技巧
308|0|10|私聊沟通实用技巧
309|0|10|非暴力沟通运用法
310|0|10|感谢表达实用技巧
311|0|10|沟通目标明确技巧
312|0|10|条件格式使用技巧
313|0|10|文档权限设置技巧
314|0|10|条件判断函数技巧
315|0|10|日期函数使用技巧
316|0|10|午休习惯养成技巧
317|0|10|文档化工作习惯法
318|0|2|香菇泡发水别浪费
319|0|2|切肉刀要分开专用
320|0|2|大火收汁汤汁浓稠
321|0|2|热锅凉油煎鱼不粘
322|0|2|木筷子测油温方法
323|0|2|勾芡用玉米淀粉最佳
324|0|2|砂锅切忌骤冷骤热
325|0|2|砂锅炖煮要用小火
326|0|2|炒青菜出锅前淋醋
327|0|2|味精鸡精只选一种
328|0|2|果蔬分开放避免催熟
329|0|2|剩菜不要反复加热
330|0|2|米饭夹生的补救方法
331|0|2|剩汤再次加热要煮沸
332|0|2|炒蛋的盐最后再放
333|0|2|红烧肉先煸出肥油
334|0|2|下食材前先擦干水分
335|0|2|切圆食材先切平面
336|0|2|燃气灶用后关总阀
337|0|2|微波加热液体防暴沸
338|0|8|布艺沙发去渍技巧
339|0|3|自由采食的利与弊
340|0|3|老年犬的喂食要点
341|0|3|宠物可以吃人饭吗
342|0|3|自动喂食器怎么选
343|0|3|驱虫药多久喂一次合适
344|0|3|航空箱训练有什么好处
345|0|3|宠物犯错怎么惩罚才对
346|0|3|怎么让狗狗习惯戴牵引
347|0|5|守岁的传统习俗由来
348|0|5|烧纸钱的传统习俗
349|0|5|正月初五吃饺子习俗
350|0|5|做客带礼的讲究礼仪
351|0|5|送礼时机的把握方法
352|0|10|文件同步备份习惯
353|0|10|回收站定期清理法
354|0|10|会议精简组织技巧
355|0|10|清单勾选完成技巧
356|0|10|每日工作复盘技巧
357|0|10|具体化反馈的做法
358|0|10|邮件回复时限技巧
359|0|10|视频会议礼仪技巧
360|0|10|复述确认沟通技巧
361|0|10|汇报先说重点技巧
362|0|10|收尾确认沟通技巧
363|0|10|汇报材料准备技巧
364|0|10|通配符替换使用技巧
365|0|10|字体规范使用技巧
366|0|10|下拉列表设置技巧
367|0|10|PPT动画应用技巧
368|0|10|排练计时使用技巧
369|0|10|数据拆分合并技巧
370|0|10|重复值处理实用法
371|0|10|演示控场实用技巧
372|0|10|提前到岗准备技巧
373|0|10|通勤时间规划技巧
374|0|10|工作计划性培养法
375|0|10|主动学习意识培养
376|0|10|主动承担任务意识
377|0|10|试用期规划实用法
378|0|2|切牛肉要逆着纹路
379|0|2|切猪肉要顺着纹路
380|0|2|蒸锅水要一次加够
381|0|2|剩馒头复蒸要淋水
382|0|2|麻婆豆腐勾芡分两次
383|0|2|不粘锅不能用铁铲
384|0|2|新砂锅先煮粥防裂
385|0|2|八角桂皮炖肉标配
386|0|2|味精适量放不伤身
387|0|2|蚝油生菜焯水淋汁
388|0|2|羊肉汆烫后炒更嫩
389|0|2|猪肝切薄片泡血水
390|0|2|剩菜放凉再进冰箱
391|0|2|挂面要水开再下锅
392|0|2|炒糖色是红烧肉关键
393|0|2|红烧肉加水要加开水
394|0|2|食材下锅身体后倾
395|0|2|油温过高先移离火
396|0|2|油炸时旁边备锅盖
397|0|2|回火现象及时关火
398|0|2|微波炉开门有火花处理
399|0|3|狗粮应该怎么选择