400|0|3|幼猫一天应该喂几顿
401|0|3|主食罐可以天天喂吗
402|0|3|宠物一天需要多少水
403|0|3|宠物肛门腺怎么挤
404|0|3|怎么让猫用猫抓板
405|0|3|怎么让宠物习惯洗澡
406|0|3|猫狗能吃巧克力吗
407|0|5|压岁钱的传统习俗
408|0|5|祭祖供品的选择讲究
409|0|5|庙会祈福的传统讲究
410|0|5|春节拜太岁的习俗
411|0|5|拜年的传统礼仪讲究
412|0|5|拜访前提前预约礼仪
413|0|5|婚礼司仪的作用介绍
414|0|5|改口的传统礼仪讲究
415|0|5|婚俗中的寓意物品
416|0|5|骨灰存放的选择方法
417|0|5|死亡证明的办理流程
418|0|5|谐音忌讳的由来介绍
419|0|10|云盘文件管理技巧
420|0|10|周报撰写实用技巧
421|0|10|进度同步沟通技巧
422|0|10|风险上报沟通技巧
423|0|10|请示沟通实用技巧
424|0|10|会议发言实用技巧
425|0|10|群内@功能使用规范
426|0|10|语音消息使用规范
427|0|10|跨级沟通注意事项
428|0|10|沟通漏斗规避技巧
429|0|10|需求变更沟通技巧
430|0|10|格式刷的高效用法
431|0|10|行距设置实用技巧
432|0|10|公文排版格式技巧
433|0|10|页面设置实用技巧
434|0|10|数据排序实用技巧
435|0|10|单元格引用使用法
436|0|10|幻灯片放映设置法
437|0|10|文档版本管理技巧
438|0|10|文档修订模式技巧
439|0|10|会议守时习惯培养
440|0|10|职场称呼运用技巧
441|0|10|名片交换礼仪规范
442|0|10|久坐危害应对技巧
443|0|10|主动沟通意识培养
444|0|10|榜样学习实用技巧
445|0|10|文件保密习惯培养
446|0|2|饺子面加盐更筋道
447|0|2|煎鱼放姜片防粘锅
448|0|2|冻鱼解冻后再煎制
449|0|2|蒸蛋羹要盖保鲜膜
450|0|2|水淀粉要搅匀再下锅
451|0|2|铁锅开锅防锈保养
452|0|2|儿童菜减酱油用量
453|0|2|炒菜出锅前再放盐
454|0|2|炖肉料酒别放太多
455|0|2|料酒开封要冷藏保存
456|0|2|姜片煎鱼腥味减半
457|0|2|孜然烤制前撒更香
458|0|2|蘑菇本身自带鲜味
459|0|2|糖醋比例按口味微调
460|0|2|肥肠用面粉反复搓洗
461|0|2|猪腰去骚筋再处理
462|0|2|生食熟食分层存放
463|0|2|冰箱温度要调正确
464|0|2|鸡蛋别放冰箱门上
465|0|2|绿叶菜剩菜别隔夜
466|0|2|番茄常温存放更甜
467|0|2|肉馅分装压成薄饼
468|0|2|冷冻室不要塞太满
469|0|2|煮饭水用凉水最好
470|0|2|蒸蛋液过筛更细腻
471|0|2|倒油之前擦干瓶口
472|0|2|手指弯曲保护关节
473|0|2|剪刀替代部分刀工
474|0|12|洗衣液用量控制好
475|0|3|定时定量喂食好处
476|0|3|宠物水碗多久洗一次
477|0|3|猫咪社会化训练怎么做
478|0|3|狗狗乱咬东西怎么管
479|0|3|宠物口令训练原则
480|0|3|怎么让两只猫和睦相处
481|0|3|猫咪晚上太活跃怎么办
482|0|3|怎么教猫咪不抓人
483|0|3|哪些食物对猫是禁忌
484|0|5|元宵节的传统习俗
485|0|5|立夏称人的传统习俗
486|0|5|伴郎伴娘的职责分工
487|0|5|报丧的方式与礼节
488|0|5|吊唁时说话的分寸
489|0|10|打印效率实用技巧
490|0|10|提问方式实用技巧
491|0|10|协作流程梳理技巧
492|0|10|项目沟通管理技巧
493|0|10|三明治反馈运用法
494|0|10|表扬公开进行技巧
495|0|10|主持会议实用技巧
496|0|10|项目风险沟通技巧
497|0|10|分享好消息的方法
498|0|10|开场白的设计技巧
499|0|10|Word页眉页脚设置
500|0|10|段落格式设置技巧
501|0|10|数据筛选功能使用
502|0|10|共享链接管理技巧
503|0|10|文档模板库建设法
504|0|10|工间操锻炼习惯法
505|0|10|提前量意识培养法
506|0|10|经验沉淀实用技巧
507|0|10|周报按时提交习惯
508|0|10|职场情绪稳定技巧
509|0|10|保密意识培养技巧
510|0|2|七八成热油温高温
511|0|2|勾芡之前先调好味
512|0|2|蒸鱼豉油代替生抽
513|0|2|炖鱼加醋去腥增香
514|0|2|醋瓶用完及时盖紧
515|0|2|鱼腹黑膜必须刮净
516|0|2|焯水时加花椒去膻
517|0|2|羊肉肥油剔除更清爽
518|0|2|冻肉解冻后先焯水
519|0|2|冻肉用牛奶泡过去腥
520|0|2|胡萝卜包纸放冰箱
521|0|2|黄瓜竖放保存更久
522|0|2|肉摊平冷冻解冻快
523|0|2|熬粥加点油更顺滑
524|0|2|粥底和配料分开煮
525|0|2|甜粥咸粥调味不同
526|0|2|蒸蛋羹蛋水比例一点五
527|0|2|蒸蛋用温水不用开水
528|0|2|手指被切伤的处理
529|0|2|燃气灶清洁别用水冲
530|0|2|鸡蛋不能带壳加热
531|0|2|微波炉内壁要清洁
532|0|2|带汤汁食物微波要搅拌
533|0|8|84与洁厕灵禁混用
534|0|4|水龙头滴水怎么修
535|0|3|宠物饮水机值不值得买
536|0|3|幼猫断奶期怎么喂
537|0|3|宠物增肥吃什么好
538|0|3|湿粮和干粮怎么搭配
539|0|3|宠物粮按年龄怎么分
540|0|3|猫咪跳蚤怎么消灭
541|0|3|驱虫项圈真的有用吗
542|0|3|猫不出门需要驱虫吗
543|0|3|宠物打喷嚏怎么回事
544|0|3|笼养怎么让宠物适应
545|0|3|成年猫还能训练吗
546|0|3|木糖醇对狗有多毒
547|0|7|三百六十五存钱法有变体吗
548|0|5|赶庙会的传统习俗
549|0|5|送礼的基本原则要点
550|0|5|进门换鞋的礼貌讲究
551|0|5|带小朋友做客的礼仪
552|0|5|收到请柬的回应礼仪
553|0|5|蜜月旅行的准备事项
554|0|5|新娘出门的习俗介绍
555|0|5|帛金的递交方式讲究
556|0|5|慰问家属的措辞技巧
557|0|5|丧事办理的流程介绍
558|0|5|殡仪馆服务的项目选择
559|0|10|文件归档整理技巧
560|0|10|咖啡适量提神技巧
561|0|10|里程碑节点设置法
562|0|10|需求对齐确认技巧
563|0|10|反馈方式实用技巧
564|0|10|会议发言次序技巧
565|0|10|金字塔式表达技巧
566|0|10|跨部门对齐会组织
567|0|10|图标使用实用技巧
568|0|10|公文写作格式技巧
569|0|10|Excel表格美化
570|0|10|介绍礼仪规范运用
571|0|10|社保知识了解技巧
572|0|10|离职交接规范做法
573|0|10|目标管理实用技巧
574|0|10|读书习惯养成技巧
575|0|10|工作复盘习惯培养
576|0|10|职业化边界意识法
577|0|10|商业机密保护技巧
578|0|10|持续学习习惯培养
579|0|2|糖提鲜不只是甜味
580|0|2|腌肉加料酒去腥味
581|0|2|糖醋汁先兑好再下锅
582|0|2|糖醋里脊炸两次更酥
583|0|2|糖醋汁收浓再挂汁
584|0|2|鸭血焯水去除腥味
585|0|2|冻肉加香料压制腥味
586|0|2|冷冻蔬菜先焯后冻
587|0|2|煮饭加几滴油更亮
588|0|2|炖汤之前先焯水去沫
589|0|2|煮面水要宽面不坨
590|0|2|炒蛋加水的嫩滑秘诀
591|0|2|蛋液加料酒更松软
592|0|2|蛋黄蛋清分开炒更香
593|0|2|凉拌菜焯水后过凉
594|0|2|凉拌汁蒜末要炝香
595|0|2|油锅起火别用水浇
596|0|2|微波炉位置保持通风
597|0|8|新房异味散味技巧
598|0|3|幼猫粮需要泡软吗
599|0|3|宠物食欲不振怎么办