600|0|3|宠物过度吠叫怎么训练
601|0|3|幼猫用不用做笼养
602|0|3|狗狗吃了巧克力怎么办
603|0|3|巧克力中毒有什么症状
604|0|5|贴窗花的春节习俗
605|0|5|清明节的传统习俗
606|0|5|腊八节喝腊八粥习俗
607|0|5|龙抬头的传统习俗
608|0|5|正月十五闹花灯习俗
609|0|5|倒茶斟茶的礼仪讲究
610|0|5|新年走亲的顺序安排
611|0|5|探望亲友先联系礼仪
612|0|5|彩礼的由来与意义
613|0|5|拜堂仪式的传统由来
614|0|5|追悼会的流程介绍
615|0|5|白事红包的讲究要点
616|0|5|微信语音的礼仪注意
617|0|10|周工作计划制定法
618|0|10|目标拆解执行技巧
619|0|10|书面汇报撰写技巧
620|0|10|委婉拒绝实用技巧
621|0|10|客观描述事实技巧
622|0|10|误会澄清沟通技巧
623|0|10|赞美同事实用技巧
624|0|10|柱状图的制作技巧
625|0|10|报告撰写结构技巧
626|0|10|准时上班习惯技巧
627|0|10|职场着装规范技巧
628|0|10|作息规律保持技巧
629|0|10|主动汇报工作进展
630|0|10|定期体检习惯培养
631|0|10|职场新人避坑指南
632|0|2|爆炒前先备齐配料
633|0|2|蒸制时食材留空隙
634|0|2|锅烧太热油会冒烟
635|0|2|蒸鱼用料酒抹鱼身
636|0|2|蒜末分两次放更香
637|0|2|蔬菜汤加鸡精提鲜
638|0|2|葱姜水腌鱼去腥味
639|0|2|鸡胗洗净再切花刀
640|0|2|冷冻贴标签记日期
641|0|2|冻肉先冻硬再真空封
642|0|2|红烧肉加料酒去腥
643|0|2|十分钟快手菜备菜法
644|0|2|不要用刀撬开罐头
645|0|2|灶台周围不放易燃物
646|0|2|做饭时不要离开人
647|0|8|84消毒液正确使用
648|0|4|水龙头关不严漏水
649|0|3|冻干猫粮怎么喂食
650|0|3|绝育猫怎么防止发胖
651|0|3|体外驱虫滴剂怎么用
652|0|3|猫驱虫后有什么反应
653|0|3|狗狗总舔毛是长虫了吗
654|0|3|狗狗夏天被蚊子咬了怎么办
655|0|3|宠物疫苗怎么接种
656|0|3|狗狗便血但是精神好
657|0|3|怎么教狗狗学会握手
658|0|3|猫咪护食应该怎么办
659|0|3|狗狗召回训练怎么做
660|0|3|教狗狗定点上厕所
661|0|3|家里养猫能摆百合吗
662|0|7|网贷利息一般是多少
663|0|7|三百六十五存钱法怎么做
664|0|0|新生儿黄疸观察要点
665|0|0|新生儿惊跳反应认知
666|0|5|除夕吃饺子的寓意
667|0|5|做客的礼仪规范要点
668|0|5|称呼陌生人的礼仪
669|0|5|客套话的恰当使用
670|0|5|敬烟的礼仪讲究要点
671|0|5|谦辞敬辞的恰当使用
672|0|5|婚宴座次的安排原则
673|0|5|婚礼跟拍摄影选择
674|0|5|婚礼回礼的准备方法
675|0|5|领证的流程手续介绍
676|0|5|婚礼致辞的要点建议
677|0|5|头七的传统说法习俗
678|0|5|丧事后的家属关怀
679|0|5|丧事期间的孩子安排
680|0|5|白事文化的传承意义
681|0|5|接打电话的礼仪规范
682|0|5|公共场合的礼仪规范
683|0|5|探病时间的选择讲究
684|0|5|餐桌上的手机礼仪
685|0|5|打碎东西的说法讲究
686|0|5|红包封口的讲究要点
687|0|5|白事随礼不补礼的讲究
688|0|10|任务清单管理技巧
689|0|10|工位整理收纳技巧
690|0|10|倾听沟通实用技巧
691|0|10|结论先行表达技巧
692|0|10|新人请教实用技巧
693|0|10|折线图的制作技巧
694|0|10|文档批注使用技巧
695|0|10|演示语言表达技巧
696|0|10|文档加密保护技巧
697|0|10|谨言慎行习惯培养
698|0|10|少抱怨多做事习惯
699|0|10|职场信用维护技巧
700|0|10|人脉维护实用技巧
701|0|10|导师请教实用技巧
702|0|10|项目复盘实用技巧
703|0|10|新人观察学习技巧
704|0|2|炖肉先大火去浮沫
705|0|2|花椒放热油出麻香
706|0|2|胡椒出锅前再撒入
707|0|2|五香粉别和十三香混用
708|0|2|蚝油提鲜不要久煮
709|0|2|火锅汤底不要留存
710|0|2|葱姜蒜放阴凉干燥处
711|0|2|汤奶白的关键在煎
712|0|2|汤面碗底先放调料
713|0|2|炒蛋油温不能太高
714|0|2|蒸蛋羹盖膜防滴水
715|0|2|凉拌菜要现拌现吃
716|0|2|凉拌菜加香油增香
717|0|2|煎蛋配面当快手餐
718|0|2|燃气灶点火失败要等
719|0|2|微波解冻立即烹饪
720|0|8|墙面污渍清洁方法
721|0|8|地毯咖啡渍清洁法
722|0|8|地毯宠物尿渍清洁
723|0|8|清洁剂存放安全事项
724|0|3|幼犬离乳期怎么喂养
725|0|3|宠物粮过期了怎么办
726|0|3|给狗喂药有什么办法
727|0|3|驱虫药外滴到皮肤安全吗
728|0|3|猫咪身上有白色小虫是什么
729|0|3|宠物驱虫喷雾怎么用
730|0|3|猫身上的虱子长什么样
731|0|3|宠物驱虫是不是智商税
732|0|3|猫频繁甩头是耳朵有虫吗
733|0|3|猫咪突然没精神怎么回事
734|0|3|宠物异常掉毛怎么回事
735|0|3|狗狗护食怎么纠正
736|0|3|猫咪乱抓沙发怎么办
737|0|3|怎么教狗狗装死技能
738|0|3|狗狗晚上叫怎么办
739|0|3|宠物训练用什么口令好
740|0|3|训练宠物需要每天练吗
741|0|3|宠物中毒后能喂牛奶吗
742|0|7|购物车里凑单怎么办
743|0|7|五十二周存钱法怎么用
744|0|7|存钱法适合什么人
745|0|7|先储蓄后消费是什么意思
746|0|0|婴儿晒太阳补维生素D
747|0|5|贴福字的大小讲究
748|0|5|挂灯笼的传统寓意
749|0|5|中秋节的传统习俗
750|0|5|春节除尘打扫房子
751|0|5|除夕年夜饭的习俗
752|0|5|称呼长辈的讲究礼仪
753|0|5|年节贺卡的礼仪讲究
754|0|5|闲聊话题的选择技巧
755|0|5|婚礼红包的发放讲究
756|0|5|婚礼预算的分配建议
757|0|5|婚礼敬酒的顺序讲究
758|0|5|婚礼花艺的布置建议
759|0|5|火化流程的介绍说明
760|0|5|追思会的举办方法
761|0|5|送别亲友的仪式安排
762|0|5|哀悼期的时长讲究
763|0|5|本命年红绳的习俗
764|0|5|镜子摆放的讲究要点
765|0|5|探病别久留的讲究
766|0|10|职场邮件撰写技巧
767|0|10|坏消息汇报技巧法
768|0|10|打印设置实用技巧
769|0|10|PPT封面设计技巧
770|0|10|图表美化实用技巧
771|0|10|握手礼仪规范运用
772|0|10|工作笔记习惯培养
773|0|10|勇于担责习惯培养
774|0|10|团队功劳共享意识
775|0|10|加班效率意识培养
776|0|2|葱姜蒜爆香出香味
777|0|2|洋葱先炒软再调味
778|0|2|糖醋菜趁热吃最香
779|0|2|鱼身划刀方便入味
780|0|2|鱼血水一定要冲净
781|0|2|鱼汤加醋和白胡椒
782|0|2|冷冻鱼提前解冻去腥
783|0|2|剩饭保鲜别冷藏太久
784|0|2|煮好的面立刻拌油
785|0|2|蒸蛋羹要控制时间
786|0|2|刀具不要混用生熟
787|0|8|墙面铅笔印去除法
788|0|12|内衣外衣分类洗涤
789|0|12|羽绒服手洗还是机洗
790|0|4|下水道堵塞疏通方法
791|0|3|多宠家庭怎么喂食
792|0|3|猫咪挑食怎么纠正
793|0|3|狗狗挑食原因和对策
794|0|3|猫罐头主要分哪几类
795|0|3|狗心丝虫怎么预防
796|0|3|给猫喂药片有什么技巧
797|0|3|猫耳朵黑乎乎是耳螨吗
798|0|3|宠物呕吐黄水要紧吗
799|0|3|宠物抽搐是什么原因