0|0|2|切菜握刀手势正确
1|0|2|切菜手指弯曲防切手
2|0|10|Excel快捷键应用
3|0|10|SmartArt图示用法
4|0|2|四季豆必须彻底煮熟
5|0|10|办公快捷键使用技巧
6|0|2|砧板垫湿布防滑动
7|0|5|本命年的传统讲究
8|0|10|Word快捷键应用
9|0|10|Word样式排版使用
10|0|2|腐竹温水泡发防外烂里硬
11|0|10|文本函数使用技巧
12|0|5|十二生肖的由来传说
13|0|10|OCR文字识别软件
14|0|2|抓拌腌肉要用手按摩
15|0|3|全价粮是什么意思
16|0|10|COUNTIF计数函数
17|0|2|蔬菜焯水加盐油保色
18|0|2|冻肉提前放冷藏解冻
19|0|10|邮件分批处理技巧
20|0|10|双屏办公效率技巧
21|0|10|VLOOKUP函数使用
22|0|10|工作生活平衡技巧
23|0|2|解冻后的肉不宜再冻
24|0|2|分离蛋清蛋黄用瓶吸
25|0|2|大火炒出锅气更香
26|0|2|切片厚度视菜品而定
27|0|2|磨刀后试刃防误伤
28|0|2|鸡蛋新鲜度水测试
29|0|2|炖汤中途不要加水
30|0|2|土豆洋葱避光通风存
31|0|10|收件箱零未读管理
32|0|10|邮件过滤规则设置
33|0|10|批量文件重命名法
34|0|10|邮件定时发送技巧
35|0|2|切丝讲究粗细均匀
36|0|2|剁肉用刀背拍松肉块
37|0|2|肉排断筋煎后不卷曲
38|0|2|酱油下锅时机有讲究
39|0|2|微波炉加热密封容器要开盖
40|0|5|电话铃声的礼仪管理
41|0|10|浏览器快捷键大全
42|0|10|邮件签名设置技巧
43|0|10|Word自动目录生成
44|0|10|合并单元格使用法
45|0|10|Excel多表管理
46|0|2|刀刃锋利切菜更安全
47|0|2|肉类焯水要冷水下锅
48|0|2|大块肉腌制要扎孔
49|0|2|果蔬流水冲洗三十秒
50|0|2|能去皮的果蔬尽量去皮
51|0|2|微波炉禁用金属容器
52|0|5|烧纸钱的注意事项
53|0|10|会议纪要模板制作
54|0|10|免打扰时段设置法
55|0|10|文件命名规范技巧
56|0|10|语音输入办公技巧
57|0|10|午休恢复精力技巧
58|0|10|工作边界管理技巧
59|0|10|工作生活微信分开
60|0|10|SUM求和函数用法
61|0|10|情绪管理实用技巧
62|0|10|压力管理实用技巧
63|0|2|腌制时间不宜过久
64|0|2|揉面到位标准三光
65|0|2|高压锅省时炖烂肉
66|0|2|三四成热油温低温
67|0|2|热锅冷油炒肉不粘
68|0|2|酱油开封后冷藏保存
69|0|3|猫粮品牌如何挑选
70|0|10|截图工具使用技巧
71|0|10|密码管理工具使用
72|0|10|会议预约安排技巧
73|0|10|大附件发送技巧法
74|0|10|实时协作编辑技巧
75|0|10|工作生活边界划分
76|0|2|腌肉加淀粉更嫩滑
77|0|2|腌菜加糖提鲜平衡咸
78|0|2|木耳泡发别超四小时
79|0|2|鸡蛋存放小头朝下
80|0|2|炒饭用隔夜饭更松散
81|0|2|蒸馒头要二次醒发
82|0|2|砂锅底部裂纹及时换
83|0|2|生抽提鲜老抽上色
84|0|2|头道生抽鲜味更足
85|0|2|料酒去腥的基本原理
86|0|2|冻肉存放时间别太长
87|0|12|洗衣水温怎么选择
88|0|3|哪些日用品含木糖醇
89|0|10|PPT模板库建设
90|0|10|会后待办跟踪技巧
91|0|10|专注时间段安排法
92|0|10|文件日期前缀命名
93|0|10|资料检索实用技巧
94|0|10|开机启动项清理法
95|0|10|Word标题样式应用
96|0|10|PPT母版设置技巧
97|0|10|单元格格式设置法
98|0|2|菠菜焯水去除草酸
99|0|2|焯水时间根据食材定
100|0|2|冷水浸泡解冻更快
101|0|2|微波炉解冻注意翻面
102|0|2|肉片薄冻解冻更快
103|0|2|蛋壳先冲洗再磕开
104|0|2|大火快炒锁住水分
105|0|2|收汁代替勾芡更清爽
106|0|2|糖醋汁调配黄金比例
107|0|2|油锅起火用锅盖灭
108|0|2|燃气泄漏的紧急处理
109|0|3|无谷粮真的更好吗
110|0|10|手机静音办公技巧
111|0|10|打字速度提升技巧
112|0|10|周报模板制作技巧
113|0|10|微信职场礼仪技巧
114|0|10|电梯汇报表达技巧
115|0|10|Word多级列表使用
116|0|10|数据透视表使用法
117|0|10|演讲者视图使用法
118|0|10|云文档协作使用法
119|0|10|数组公式使用技巧
120|0|10|数据透视分析技巧
121|0|10|倾诉沟通渠道建立
122|0|2|焯水后过凉口感更脆
123|0|2|解冻海鲜别泡热水
124|0|2|发面面团要排气揉匀
125|0|2|青菜下锅要沥干水
126|0|2|慢炖食材按耐煮分先后
127|0|2|煎鱼前擦干表面水分
128|0|2|煎鱼用中小火慢慢煎
129|0|2|油温过高先移离火
130|0|2|热锅冷油炒菜不粘
131|0|2|红烧用老抽别贪多
132|0|2|卤味凉菜冷藏要密封
133|0|2|让孩子远离热油锅
134|0|2|微波炉加热容器标注
135|0|3|宠物每天吃多少粮
136|0|3|七天换粮法怎么操作
137|0|3|绝育后食欲会变差吗
138|0|3|生骨肉喂养有哪些风险
139|0|3|宠物分离焦虑怎么办
140|0|3|狗狗见生人太凶怎么办
141|0|3|宠物训练从几岁开始
142|0|5|贴春联的传统讲究
143|0|5|压岁钱的金额讲究
144|0|5|祭祖的传统方式讲究
145|0|10|深度工作时段安排
146|0|10|通知关闭设置技巧
147|0|10|外接显示器使用法
148|0|10|键盘鼠标选择技巧
149|0|10|办公软件整合技巧
150|0|10|下班前整理收尾法
151|0|10|汇报频率把握技巧
152|0|10|数据支撑汇报技巧
153|0|10|发言时机把握技巧
154|0|10|邮件及时回复技巧
155|0|10|Word分节符使用
156|0|2|凉拌食材先腌出水
157|0|2|冻肉稍化再切薄片
158|0|2|炸东西油要没过食材
159|0|2|蒸菜时间根据厚度定
160|0|2|炒糖色必须用小火
161|0|2|料酒和白酒的选用
162|0|2|剩菜彻底加热再吃
163|0|2|老火汤时间要控制
164|0|2|现成调料省时提味
165|0|2|风门调节出蓝色火苗
166|0|2|燃气热水器排气要畅通
167|0|2|微波加热婴儿食物防烫
168|0|3|宠物减肥的饮食方法
169|0|3|体内驱虫药多久吃一次
170|0|5|放鞭炮的传统寓意
171|0|5|烟花爆竹安全燃放
172|0|10|会议纪要整理技巧
173|0|10|电脑桌面整理技巧
174|0|10|无线投屏使用技巧
175|0|10|会议准时进行技巧
176|0|10|紧急重要事项分类
177|0|10|便签记录待办技巧
178|0|10|向上汇报实用技巧
179|0|10|带方案去请示领导
180|0|10|跨部门协作高效法
181|0|10|职场称呼规范技巧
182|0|10|PPT字体嵌入方法
183|0|10|PPT图片压缩技巧
184|0|2|盐水浸泡去除农残
185|0|2|和面水温决定口感
186|0|2|醒面时要盖湿布防干皮
187|0|2|大火炒肉先滑油嫩
188|0|2|煎鱼不要频繁翻动
189|0|2|葱段试油温的方法
190|0|2|冷锅冷油适合煎蛋
191|0|2|盐能吊出食材本味
192|0|2|淡水鱼土腥味处理
193|0|2|白萝卜炖羊肉去膻
194|0|2|喝粥要等温热再喝
195|0|2|复炸油温降下来再下锅
196|0|3|怎么教猫咪定点大小便
197|0|3|狗狗定点大小便怎么教
198|0|3|猫咪分离焦虑的表现
199|0|11|春节的由来与传说