800|0|3|宠物口臭流口水怎么回事
801|0|3|怎么教狗狗学会坐下
802|0|3|遛狗时狗狗爆冲怎么办
803|0|3|狗狗见面就扑人怎么办
804|0|3|猫咪咬人应该怎么办
805|0|3|老鼠药对宠物有多危险
806|0|3|老鼠药放在哪里才安全
807|0|3|狗狗能吃苦巧克力吗
808|0|7|直播间买贵了能退吗
809|0|7|五五开存钱法是什么
810|0|7|怎么防止自己挪用存款
811|0|0|婴儿睡眠安全要点
812|0|0|一岁内禁盐禁蜜原因
813|0|11|谷雨传统民俗活动
814|0|5|重阳节的传统习俗
815|0|5|年画的传统寓意内涵
816|0|5|冬至吃饺子的习俗
817|0|5|清明插柳的由来习俗
818|0|5|元宵观灯赏月习俗
819|0|5|待客的礼仪要点须知
820|0|5|敬酒的礼仪规矩要点
821|0|5|长辈先动筷的规矩
822|0|5|串门时间的分寸把握
823|0|5|聚会守时的重要性
824|0|5|见面礼节的差异说明
825|0|5|贺喜的礼仪用语推荐
826|0|5|婚礼流程的完整步骤
827|0|5|婚宴现场的布置技巧
828|0|5|遗体告别的礼仪要点
829|0|5|百日祭的传统习俗
830|0|5|异地亲友的悼念方式
831|0|5|遗物处理的方式建议
832|0|5|丧事花费的预算规划
833|0|5|电梯乘坐的礼仪要点
834|0|5|数字四的忌讳讲究
835|0|5|正月不理发的说法
836|0|5|鱼在宴席的讲究寓意
837|0|5|探病忌问病情讲究
838|0|5|正月不理发的由来
839|0|5|数字三的讲究介绍
840|0|5|谐音数字的组合寓意
841|0|10|日工作计划制定法
842|0|10|接受批评心态技巧
843|0|10|邮件正文结构技巧
844|0|10|群聊沟通礼仪技巧
845|0|10|会议记录分工安排
846|0|10|演示答疑实用技巧
847|0|10|办公室噪音控制法
848|0|10|远离八卦习惯培养
849|0|10|转正准备实用技巧
850|0|10|诚信做人做事要诀
851|0|10|承诺兑现习惯培养
852|0|10|自我提升计划制定
853|0|10|新人少说多做习惯
854|0|2|香菜根别扔可提香
855|0|2|冰箱定期除霜清洁
856|0|2|肉类按一顿量分装
857|0|2|砂锅熬粥防止溢锅
858|0|2|炖汤放盐要最后加
859|0|2|炒面用煮七分熟的面
860|0|2|滑蛋虾仁要低油温
861|0|2|刀具用完放回刀架
862|0|2|钝刀反而更容易切手
863|0|2|刀掉了不要用手接
864|0|2|案板放刀刀刃朝内
865|0|2|燃气胶管定期更换
866|0|2|微波炉空转会烧坏
867|0|8|玻璃门油膜清洁法
868|0|8|空调26度省电法
869|0|12|洗衣液放多少合适
870|0|4|管道轻微渗水胶带应急
871|0|4|滑丝螺丝怎么取出
872|0|3|开封的猫罐头怎么保存
873|0|3|宠物吃多了怎么办
874|0|3|猫毛里发现跳蚤怎么办
875|0|3|狗狗磨屁股是怎么回事
876|0|3|驱虫后多久可以洗澡
877|0|3|狗吃了驱虫药呕吐正常吗
878|0|3|猫咪便便里有虫怎么办
879|0|3|猫鼻子上有黑点是什么
880|0|3|狗狗蜱虫叮咬后怎么处理
881|0|3|猫咪到底需不需要遛
882|0|3|宠物口腔异味怎么办
883|0|3|宠物咳嗽是什么原因
884|0|3|宠物尿频是什么原因
885|0|3|猫咪几天不拉屎正常吗
886|0|3|狗狗拆家怎么纠正
887|0|3|宠物误食药物怎么办
888|0|3|狗狗吃了感冒药要紧吗
889|0|3|猫吃蟑螂有危险吗
890|0|3|猫咪误食巧克力豆怎么办
891|0|7|冲动消费怎么避免
892|0|7|美容美发卡充值靠谱吗
893|0|7|大学生网贷有什么风险
894|0|7|五十二周存钱法怎么变通
895|0|7|工资三分法怎么分配
896|0|7|存钱会不会降低生活质量
897|0|7|通胀对存款有什么影响
898|0|0|婴儿换尿布要点方法
899|0|0|婴儿疫苗按时接种
900|0|0|婴儿期补充维生素D
901|0|5|中秋送礼月饼讲究
902|0|5|年糕的吉祥寓意讲究
903|0|5|庙会上的传统小吃
904|0|5|春节走亲戚的习俗
905|0|5|红包的发放讲究方法
906|0|5|红包的收受礼仪要点
907|0|5|握手的礼仪细节注意
908|0|5|道谢的表达方式建议
909|0|5|提亲的传统流程讲究
910|0|5|彩礼协商的注意事项
911|0|5|嫁妆的传统含义讲解
912|0|5|择吉日的传统讲究
913|0|5|婚前体检的必要性
914|0|5|婚礼摄影注意事项
915|0|5|婚礼应急准备的要点
916|0|5|守灵的传统习俗介绍
917|0|5|墓地选择的考虑因素
918|0|5|吊唁的时间选择方法
919|0|5|丧葬补贴政策介绍
920|0|5|排队的文明礼仪规范
921|0|5|探望病人的礼仪讲究
922|0|5|探病礼物的选择技巧
923|0|5|微信朋友圈的礼仪
924|0|5|公共场合外放问题
925|0|5|婚嫁礼金的忌讳要点
926|0|5|过年说吉利话的讲究
927|0|10|批评私下进行技巧
928|0|10|道歉沟通实用技巧
929|0|10|仪容仪表管理技巧
930|0|10|座位礼仪规范运用
931|0|10|虚心请教习惯培养
932|0|10|考证学习计划制定
933|0|10|网课学习提升技巧
934|0|2|糖盐比例先少后多
935|0|2|蚝油冷藏保存防变质
936|0|2|菌菇不洗直接保存
937|0|2|杂粮饭要提前浸泡
938|0|2|熬粥米和水的比例
939|0|2|煮面加盐面更筋道
940|0|2|一锅焖饭荤素搭配
941|0|2|递刀时刀柄朝对方
942|0|2|微波加热要加盖防溅
943|0|8|门板鞋印黑渍清洁
944|0|8|儿童玩具收纳方法
945|0|4|马桶按钮卡住不回弹
946|0|4|天花板渗水怎么判断
947|0|4|电水壶底座接触不良
948|0|4|空调插座单独供电原因
949|0|3|猫粮和狗粮能混喂吗
950|0|3|驱虫药多久做一次
951|0|3|狗狗蜱虫怎么预防
952|0|3|宠物外出回来要驱虫吗
953|0|3|宠物刷牙的正确做法
954|0|3|宠物多久剪一次毛
955|0|3|猫咪多久做一次体检
956|0|3|宠物发热怎么判断
957|0|3|猫咪可以训练坐下吗
958|0|3|幼犬笼养要注意什么
959|0|3|狗狗护玩具怎么办
960|0|3|宠物能喝酒吗会怎样
961|0|3|猫咪能吃金鱼这类生鱼吗
962|0|3|哪些清洁剂对宠物有毒
963|0|3|宠物误食洗衣液怎么办
964|0|7|免息分期真的免费吗
965|0|7|以贷养贷为什么危险
966|0|0|新生儿拍嗝方法要点
967|0|0|幼儿补钙的正确姿势
968|0|0|婴儿厌奶期应对方法
969|0|11|大暑的含义与物候
970|0|5|端午节的传统习俗
971|0|5|元宵节猜灯谜习俗
972|0|5|春节问候语的选择
973|0|5|电话拜访的礼仪要点
974|0|5|微信拜年的礼仪要点
975|0|5|告别时的礼节要点
976|0|5|让长辈先行的礼仪
977|0|5|提亲礼品的讲究要点
978|0|5|喜糖的寓意与讲究
979|0|5|婚礼交换信物的讲究
980|0|5|婚礼音乐的选择技巧
981|0|5|婚礼迎宾的安排方法
982|0|5|婚宴酒水的准备技巧
983|0|5|祭品的选择禁忌介绍
984|0|5|祭奠方式的演变介绍
985|0|5|微信聊天的礼仪规范
986|0|5|数字六的寓意讲究
987|0|5|送伞的忌讳与讲究
988|0|5|探病时间的忌讳讲究
989|0|5|数字十三的忌讳介绍
990|0|5|本命年穿红的习俗
991|0|5|搬家时辰的讲究要点
992|0|5|红绳的佩戴位置讲究
993|0|5|本命年红绳的禁忌
994|0|10|口头汇报实用技巧
995|0|10|礼貌用语习惯培养
996|0|10|每月复盘总结习惯
997|0|10|周报内容要点把握
998|0|2|剩菜分类密封保存
999|0|2|剩米饭做炒饭最合适