1000|0|2|汤表面的浮油撇掉
1001|0|2|凉拌鸡丝用手撕开
1002|0|2|切硬食材用专用刀
1003|0|2|灶具周围保持干燥
1004|0|8|墙面蜡笔痕迹清理
1005|0|8|墙面霉斑清除办法
1006|0|8|大理石台面去渍法
1007|0|8|餐桌油渍清洁技巧
1008|0|8|微波炉内壁去油渍
1009|0|8|洗衣机滤网清理法
1010|0|8|蒸汽拖把使用技巧
1011|0|4|水表跑字检查漏水
1012|0|4|水压不稳影响用水
1013|0|4|净水器接头渗水处理
1014|0|4|膨胀螺丝如何取出
1015|0|4|膨胀螺丝规格选择
1016|0|3|猫粮开封后如何保存
1017|0|3|猫咪驱虫药有毒吗
1018|0|3|狗狗肛门腺多久挤一次
1019|0|3|猫咪拉稀是什么原因
1020|0|3|狗狗拉稀带血怎么办
1021|0|3|猫砂多久换一次合适
1022|0|3|哪些水果猫狗不能吃
1023|0|3|宠物可以吃坚果吗
1024|0|3|猫吃了蚊香片怎么办
1025|0|7|预售尾款忘记付怎么办
1026|0|7|如何识别非法网贷平台
1027|0|7|网贷逾期会影响买房吗
1028|0|7|存钱和收入多少有关系吗
1029|0|7|实际利率和名义利率区别
1030|0|7|余额宝收益为什么越来越低
1031|0|0|婴幼儿生长发育里程碑
1032|0|0|宝宝自主入睡培养
1033|0|0|儿童防溺水要点须知
1034|0|11|小雪的含义与物候
1035|0|5|七夕节的传统习俗
1036|0|5|送客的礼仪细节要点
1037|0|5|夸赞他人的分寸把握
1038|0|5|迎亲的礼仪讲究要点
1039|0|5|婚礼敬茶的环节礼仪
1040|0|5|婚礼邀请函的礼仪
1041|0|5|婚礼宣誓的环节安排
1042|0|5|花圈的赠送礼仪要点
1043|0|5|挽联的写法讲究介绍
1044|0|5|参加追悼会的着装
1045|0|5|墓碑刻字的讲究介绍
1046|0|5|白事期间的饮食安排
1047|0|5|筷子摆放的讲究要点
1048|0|5|礼让行人的出行习惯
1049|0|5|送钟的忌讳与讲究
1050|0|5|红包金额的讲究要点
1051|0|5|筷子竖插的忌讳要点
1052|0|5|探病带果篮的讲究
1053|0|5|婚礼红包的忌讳要点
1054|0|5|过年扫地的讲究由来
1055|0|5|探病时间早晚的讲究
1056|0|5|礼金随大流的讲究
1057|0|10|图表类型选择技巧
1058|0|10|甘特图的制作技巧
1059|0|10|不懂就问习惯培养
1060|0|10|每周复盘总结习惯
1061|0|2|葱白葱叶分开使用
1062|0|2|紫菜虾皮提鲜增营养
1063|0|2|磨刀时姿势要稳住
1064|0|8|燃气灶焦渍清洁法
1065|0|8|真空压缩袋使用法
1066|0|12|羽绒服洗涤剂选择
1067|0|4|马桶底座渗水检查
1068|0|4|马桶水箱一直流水
1069|0|4|洗手盆下水管更换
1070|0|4|龙头软管接口滴水
1071|0|4|门锁卡住钥匙拔不出
1072|0|4|空气开关频繁跳闸处理
1073|0|4|洗衣机排水管堵塞
1074|0|3|宠物驱虫药怎么挑
1075|0|3|狗狗体外驱虫每月一次吗
1076|0|3|驱虫药按体重怎么算
1077|0|3|宠物多久洗一次澡
1078|0|3|猫掉毛多怎么打理
1079|0|3|猫咪呕吐怎么回事
1080|0|3|猫咪突然抽搐怎么回事
1081|0|3|狗狗掉毛特别多正常吗
1082|0|3|猫砂应该怎么选择
1083|0|3|狗狗可以喝咖啡吗
1084|0|3|哪些室内植物对猫有毒
1085|0|3|宠物误食硬币要紧吗
1086|0|3|猫闻了油漆味有害吗
1087|0|3|狗狗吃了口香糖怎么办
1088|0|7|大促期间怎么理性购物
1089|0|7|满减凑单值不值买
1090|0|7|直播间带货有哪些套路
1091|0|7|直播间氛围让人想买怎么办
1092|0|7|直播间的赠品值得吗
1093|0|7|办了会员反而花更多钱
1094|0|7|年轻人该不该用分期
1095|0|7|身份证贷款能信吗
1096|0|7|存钱打卡真的有用吗
1097|0|7|工资到账先存钱的方法
1098|0|7|存钱总是半途而废怎么办
1099|0|7|储蓄和消费的比例怎么定
1100|0|7|自动转账存钱怎么设置
1101|0|7|清单以外的购物怎么处理
1102|0|7|存款利率会变化吗
1103|0|7|为什么钱越来越不值钱
1104|0|7|为什么越早理财越好
1105|0|0|婴儿母乳喂养姿势
1106|0|0|婴儿湿疹护理方法
1107|0|0|辅食添加第一口怎么吃
1108|0|0|儿童饮食安全防噎
1109|0|11|立春的含义与物候
1110|0|11|壮族三月三歌圩节
1111|0|5|小年祭灶扫尘习俗
1112|0|5|门神贴法传统讲究
1113|0|5|腊月腌制腊肉习俗
1114|0|5|宴席座次的基本规则
1115|0|5|接受礼物的礼仪要点
1116|0|5|餐桌让菜的礼仪讲究
1117|0|5|问候长辈的常用语
1118|0|5|拒绝邀约的礼貌方式
1119|0|5|带孩子的拜访时机
1120|0|5|随礼的时机与方式
1121|0|5|婚宴酒席的规格安排
1122|0|5|婚礼当天的流程安排
1123|0|5|婚宴开席的礼仪讲究
1124|0|5|新郎准备的细节事项
1125|0|5|哀悼期的礼仪注意
1126|0|5|乔迁贺礼的讲究要点
1127|0|5|满月礼物的选择建议
1128|0|5|敬长辈茶的礼仪细节
1129|0|5|数字九的讲究寓意
1130|0|5|数字零的讲究介绍
1131|0|5|数字五的讲究介绍
1132|0|5|过年借钱的忌讳讲究
1133|0|5|逝者名字的避讳讲究
1134|0|10|电梯礼仪规范运用
1135|0|10|每日复盘总结习惯
1136|0|2|拍蒜比切蒜更出味
1137|0|2|蒸蛋羹调味最后淋
1138|0|8|墙面贴痕去除妙招
1139|0|8|墙纸污渍擦拭技巧
1140|0|8|儿童墙面手印清洁
1141|0|8|地板油渍清除方法
1142|0|8|冰箱食材收纳分区
1143|0|8|一进一出收纳原则
1144|0|8|卫生间香薰除味法
1145|0|8|空调风扇搭配省电
1146|0|8|微波炉加热容器选择
1147|0|4|马桶水箱上水太慢
1148|0|4|马桶冲水无力怎么办
1149|0|4|马桶返味怎么处理
1150|0|4|洗手盆角阀漏水处理
1151|0|4|电热水器漏保总跳
1152|0|4|厨房电器总跳闸排查
1153|0|3|猫咪耳螨怎么治疗
1154|0|3|驱虫药和疫苗能同时吗
1155|0|3|狗狗牙结石怎么预防
1156|0|3|宠物耳朵多久清洁一次
1157|0|3|猫泪痕怎么清理干净
1158|0|3|宠物脚垫怎么护理
1159|0|3|猫三联疫苗是什么
1160|0|3|狗狗打疫苗要注意什么
1161|0|3|遛狗要用牵引绳吗
1162|0|3|宠物频繁挠痒怎么回事
1163|0|3|宠物便秘该怎么办
1164|0|3|猫咪体温多少算发烧
1165|0|3|猫咪鼻塞呼吸声重
1166|0|3|狗狗鼻子干是不是生病
1167|0|3|狗狗趴下怎么训练
1168|0|3|宠物玩具应该怎么选
1169|0|3|葡萄对狗狗有多危险
1170|0|3|猫咪能吃葡萄和葡萄干吗
1171|0|3|狗狗误食农药怎么处理
1172|0|3|宠物误食电池有危险吗
1173|0|3|猫吃了橡皮筋怎么办
1174|0|3|狗狗能吃哪些人类食物
1175|0|3|猫咪误食老鼠药能救吗
1176|0|7|预售定金能不能退
1177|0|7|分期购物上瘾怎么办
1178|0|7|低息贷款是真的吗
1179|0|7|保健品是智商税吗
1180|0|7|酵素真的能减肥吗
1181|0|7|生病住院的钱怎么准备
1182|0|7|只记大额支出可以吗
1183|0|7|指数基金是什么意思
1184|0|7|货币基金安全吗可靠吗
1185|0|0|配方奶冲泡要点须知
1186|0|0|宝宝抬头训练方法
1187|0|0|宝宝睡眠昼夜颠倒调整
1188|0|0|婴儿吸鼻器使用方法
1189|0|0|宝宝挑食应对方法
1190|0|11|谷雨的含义与物候
1191|0|5|立春咬春的传统习俗
1192|0|5|做客时的坐姿礼仪
1193|0|5|回门的传统习俗介绍
1194|0|5|婚礼彩排的重要性
1195|0|5|婚礼礼金的记账方法
1196|0|5|吊唁的礼仪要点须知
1197|0|5|出殡的流程安排介绍
1198|0|5|白事答谢礼的讲究
1199|0|5|遗像准备的注意事项