0|411,511,609
1|212,468
2|399,628
3|49
4|534
5|232,528,597,630
6|14,30,96,548
7|1,11,55,75,83,114,145,197,205,208,236,238,304,325,338,402,403,427,477,529,533,536,539,554,568,625,652,655,677,697,740
8|418
9|420
10|735
11|378
12|8,20
14|476
15|476
16|32,169,194,364,375,392,689,748
18|252,253,390,551
19|151,261
20|10,19,30,96,132,174,498,561,598,670
21|417,419,713
23|49
24|203,325,408
25|29,207,291,435,447
26|244,247,371,372,577,627,676,745
27|132,374
28|250,318,423,736
29|3,41,429,505,540,726
30|324,326,462,471,701,737
31|30,96
32|372
33|273,282,399,544,659
34|16
35|642
36|514
37|286,449,720
38|332
39|373,665
40|640
42|99
43|186,214
44|7,70,110,131,142,167,358,424,481,627
45|495,552,575,674
47|414,500,628
48|428
49|484
50|71
52|26
56|525
57|256,401
59|528,630
60|119
61|676
63|88,521,574
64|720
65|261,313,430
66|488,501,625,658
68|39,41,304
69|467
70|255
71|644,657
72|242,471
73|43,78
74|126,279,380,419,436
75|21,38,186,279,477
76|333,544
77|3,411,523
78|15,46,182,250,403,659
79|76,327
80|54,286,343,382,622,724
81|370
82|91,92,298,393,430,502,599
83|268,307,321,601
84|78,429
86|28,120,264,517,543,739
87|299,607
88|237
89|12,346,621
90|56,87,135,139,150,195,213,233,442,545,743
91|149,419,436
92|33,167,201,577
93|297,614
94|31,480
95|171
96|196,379
97|744
98|110,347,411,475
99|205,231
100|6,7,102
101|38,50,263,611
102|563
103|59
105|63,95,170,175,749
106|62,82,310
107|270
108|231,366
109|688
110|76
111|154,590,649
112|54,426,562
113|88,585
115|120
116|72,348
117|185,275,404,678,685
118|362
119|554,574,667
120|184,208
121|112
122|368,511,533,559,609,612
123|67,145,291,316,522,569,700
124|120,221
125|154,590
126|380
127|358
128|571
129|615,652
130|55,114,205,208,238,304,325,338,402,529,536,539,652,677,714
131|163,316,344
132|748
134|75,148,532,555,648,664
135|218,394
136|1,145,183,236,403,427,568,586,625,655,740
137|89,251,328,365,467,612,720
138|316,747
139|745
140|52,499,639
141|437,463,673
142|11,17,197,533,554,660,697
143|123
145|126,160
146|336
147|705,746
148|83,223,281,319,355,421,451,474,497,546,723,730,749
149|520,575,674
150|112,163
151|747
152|32,137,689
153|451
154|618
155|413
156|233,236
157|343,590,699,743
158|107,169,742
159|192,558
161|654
162|44,130,647
164|63,114,119,338,456,504,613,711
165|260,304
166|208,582
167|61,737
168|247,402,450
170|18
171|41,116,227,385,617
172|565
173|25,39,317,482,686,714
175|553,656
176|304
177|55,205,319,539,619
178|64,234,351,394,610,652,662
179|412
180|238,325,353,529,536,636,677
183|600
184|24,28,165,257,444,506
188|596
189|525
190|352,694
191|30,96,98,177,429
192|527
193|235,665
194|77,313,473
195|10,315,607
196|652
197|296,682
198|699
199|364,692
200|615,631
201|35,211,220,254,432,512
202|66,182
203|528,630
204|114,154,286
205|174,300
206|241,336,410
207|311
209|262,598
210|77,83,109,125,143,159,164,172,210,228,276,277,280,292,301,327,332,352,376,406,412,445,452,454,458,461,465,521,534,564,593,621,632,638,642,644,646,657,672,682,686,700,719,735,746
211|81,181,427
212|32,689
213|680,722
214|94,122,249,468,477,606,624,663
215|597
216|194,428,550
218|86
219|338,433
220|218
221|114,333,423
222|62,518,650
223|31
224|583,675
225|8,178,203,616
226|9,12,43,140,242,287,310,322,389,390,416,449,471,473,591,732,738
227|70,101,130,142,209,216,334,347,388,418,424,481,509,520
228|109,265,307,634
229|51,185,519
230|39,177,266,339,469,484,576,666
231|25,367,441,488,640
232|398,471
233|42,643
234|491,623
235|649
236|188,501
238|350,428
239|84,444,500,508,707
240|176,429,534
241|253
242|98,492,622
243|35,67,128,173,193,225,252,286,314,336,496,581,717
245|48,80,190,327,508
246|73,395,448,625
247|570,695
248|260,464,671
249|63,184,185,275,368,562,678,685
250|149,307,567,601
251|26
252|30,96,419,669
253|634
254|31,81,181,262,300,631
255|24,64,116,165,234,319,351,394,617,662
257|78,144
258|400
259|137,288,565
260|569,656
261|391
262|5,386,565
264|315,368
265|218,337,707
267|240
268|43,195,203,537,562
269|228,441
270|394,445,693
272|78,84,550,666
273|137,335,682
274|80,450
275|383
279|34,296
280|341
281|178,402
282|588
283|334
284|691,727
287|529,536
288|161,200,439
289|61,356,510,594,734
290|345,532,670
291|85,415,516
292|225,457,558,702
293|216,311,444
294|92,229,382,618
296|293,405,712,741
297|576,712
298|327
299|148,242,740
300|209,400
301|210,735
302|485,621
303|75,648
304|264,281,739
305|113,221,293,426,645,681
306|70,520,541,684
307|37,40,49,151,162,183,232,308,466,567,686,706
308|158,176,204,219,245,363,413,437,470,472,490,503,530,556,586,595,649,669,673
309|217,377,496,552
310|294,608,664
311|54,72,231
312|217,430
313|80,189,428
314|471
315|638
317|257,444,506,636,711
318|52,160,463
319|32,124,179,405,486,689
321|315
324|507,709
325|158
326|143
328|420,489,612,672
329|216,624
332|10
334|78,644,657
335|384,505
336|436,642,748
337|401,598
338|165,187
339|144
343|69
345|65,197,204,363,535,697
347|515
348|273,290,381,589,635
350|212
352|134,369,397,453,664
353|418
355|106,258,550,573
356|602,695
357|128,280,748
359|597
360|230
361|4,111,248,472,568
362|381,690
363|84,731
364|113,168,313
366|476
367|312,329
368|36,115
369|124,179,473,486,498
371|113,121,405
372|77,301
373|67,221,426,559,744
374|171,370,469
375|528,630
376|22,30,96,250,318,374,635,735
378|32,689
379|247,553,600,610,647,694
380|192,586,660
381|190,192
384|176,211,254,432,505,512,540
385|330,454
388|611
389|745
390|379,406,448,461,705
391|510
392|220
393|34,518,736
395|132,196
396|418
397|128,337,465,493,604
398|610,694
400|51,224
401|531,538,562
402|19,47,124
404|101,362,581
405|250
407|64,411,669
409|542
410|179,244,282
411|3
412|476,677
413|537
414|513,703
415|245,595
416|9
417|292,603
419|542
420|165,230,679
421|507,544,589,709
423|615
425|316
426|386
427|108
428|40,162,173,308,451,584
429|631
430|344,413,437,673,718
431|5,747
432|450,719
433|626
434|526,639
436|328,720
437|221,332,503
439|428
440|114,174,176,333,338,423,598,680
443|24,121,635
444|187
445|293,405,712
446|272,550
447|48,422,560,597,621,682
448|328,526,589,720
450|592,692
451|122,323
452|361,477,701
453|33
454|391
456|276,521
457|79,654
458|58,279,560
459|45,261,309,333,579,636,690
460|62,89,365
462|38,250
463|56,74,87
464|373
466|330,454
467|46,323,659,700
468|51,199
470|534
474|142,172,447
476|83,187,409,721
477|251
478|186,364
479|637
480|2,20,247,585,625
481|36,586,741
482|1,99
483|211,254,357,432,512,725
484|728
485|145,355,421,568,655,749
486|126,578
487|384,656
488|233
489|47
490|72,409,632
491|403
492|25
493|88,539
494|187,334,427
495|8,48,164,236,638
496|16,422,613
497|7,102,110
498|255,419,436
499|279
500|83,238,325,505,534,540
501|176,551,616
502|220,682
505|36,559,735
506|78,515
507|160,470,576,597,621,740
509|47
510|521,560,700
511|451
512|438,475,733
513|61,174
514|340,687
515|240,274
516|116,256,351,394,673
517|300
518|216,675
519|151,616
520|92
522|274,708
523|33,296
524|36
526|211
527|63
528|25,73,165,257,506
529|305,730
530|558
531|302,510
532|261,284,370
533|140,207,298,310,608
534|123,218
536|437
537|54,129,319,497,546,676
540|290,381,635
541|474,606,632,723
542|517,564
543|70,633,729
544|169,533,634
547|11,206,340,406,554,687
549|114,154,277,523
550|282
551|374,390,461,705
552|612
554|191,420,477
555|489
556|33
557|17,48,361,701
558|105,220,324
559|379,612
560|201,299,494
561|286,460
562|174
563|448
564|478
565|286,724
567|30,96,258,573,600
568|197,697
569|54,72,210,496
570|562
571|551
573|176,423
575|51,82,112,672
576|174,206,277,478,612
577|305,340,437,673,687,733
578|89,323
579|621,650
580|383,401,580,707
581|585
582|110
583|527
584|463,597,642
585|272,566
587|37,133,348,572
588|61,337
589|122,177,218,359,400
590|603
591|26
592|122
593|169,745
594|368
595|349,399,561,610
598|58,95,123,183,526,633,636,729
600|455
601|257
602|126,320,434,480,594,721
603|336,348
605|73,76,327,395,601
607|46,364,528,630
608|125,182,646
609|0,288,611
610|32,169,194,375,689,730,748
611|143,408,639
612|315,569
614|313,321
615|223
616|63,396
617|373,438
619|549
620|661,692,733
621|82,112
622|78
623|397
624|435,713,736
625|25,592
626|650,689
627|177
628|520,571
631|124,179,250,314,486
632|52,195,392
633|15,539
634|46,51,425,654,659
635|174,428,598
637|124,392,520,571
638|364
639|48
640|417,488,654
641|598,693
643|262,441,488
646|647
647|79,746
648|196,280,725
649|302,616
654|132,421
656|27,441
657|94,210,629
658|238,325,500,707
659|248,249,346,525,587
660|391,585
661|86,194,267,398,681
662|139,530,545
663|37,262
664|419,458
665|57,159,373
667|504
668|136,573,734
670|147,605,705
671|94,663
672|84,445,641
673|317,394,481
674|744,749
675|122
678|616
680|216
682|100,201
683|577
684|135
685|276,401,521
686|20,476
687|101,339,669,675
688|435
689|96,353,429
690|126,218,575,615,674,747
691|660,664
692|10,598
693|281,444,686
694|383
695|725
698|443,581
699|78
700|236,336,399,603
702|165
703|454
704|317,598
705|419,462
707|303,307,352
708|44,130,227,334,418
709|376,518
710|367,650
711|311,479
712|415
713|119,693
715|45,156,502,557,698
716|34,575
717|157
718|441,523
720|126,309,326,579
721|324
723|115
724|175,601,651
726|321
727|120,160,599
728|147
729|228,622,623
730|464,495
732|22,155,292,555
733|614
734|268,556,669
735|352
736|203,212,234,333,430,498,670
737|91,116
738|410
742|10,174,385,460,596,598
743|19,132,241,590
744|479
745|195
746|304
747|71,256
748|417
749|351,394,471,562
751|654
752|579
754|391
755|533
756|144,335,341
758|74,89,199,323
759|24,271,393
760|537
761|195
762|73,395,544,561
763|30,51,96,220
764|92,129,298,606
765|301
766|502,599
767|725
768|104,148,270,349,383,668,680
769|79,92,102,229,320,434,487,583,622,722,742
771|321,589
772|79,168,251,343,446,541,649,699,736
773|171,747
774|36,120,643,713
775|321,565
776|191,296,408
777|146,170,692,696
778|571,661
779|258,339,514,573,600
780|161,226,377
781|456,519
782|158,490
783|259,374,482
784|254,401,621
785|27,136,168,214,295,384,399,446,574,628,660
786|510
787|118,556,589,653
788|275,284,285
789|222,466
790|2,12,51,73,242,253,395,483,496,647
792|346
793|413,432,437,673
794|94,108,210,272,386,566
795|235,665
796|85,235,243,278
797|407
798|537
799|33,646
800|32,182,658
801|642
802|89,163,365,418,422,671
804|44,93,153,274,400,554
805|68,509
806|377,620,635
807|347,348
808|21,39,106,139,150,167,279,393,545,577
809|7,110,131,167,372,495,575,627,642,674,676
810|14,371,476,597
811|188,738
812|220,311,315,550
813|44,130
814|618,745
815|192,230,381,469,476,610,647,694,708
816|143
817|52,80,85,257,264,311,463,506,530,543,636,649,711,739
818|5,34,334
819|220,247
820|589
821|450
822|244
823|388,408,689
825|486
826|564,633,729
828|326,614
829|227,237
830|504,748
831|180,257,422,727
832|68,153,509,575,674
833|222,466
834|352,547,607
836|41,128,424,481,606,636,742
837|312
838|320,384,434
839|134
840|79,114,137,261,465,690,722
841|57,65,329,404
842|337,440,604
843|291,303,746
844|344
845|378,487
846|333
847|303
848|11
850|92,229,427
851|67,102,307,622
853|23,81,527,714
854|435,505
855|28,109,301,493,583,709
856|29,30,207,682
857|520
858|216
860|6,45,239,309,447,503,579
861|19,68,199,726
862|299
863|77,86
864|644
865|148,228,325,376,412,445,452,642,708,742
866|8,84,164,332,352,621,638,657
867|465,560
868|0,148,172,270,276,277,288,323,517,593,664,672
869|6,62
870|78,279,327,488,644,657
871|500
874|146,281,692,699
875|180
876|163,714
877|680
878|290,381,589,635
879|382,618,638
880|698,727
881|78,83,355,421,451,521,534,700,735,749
882|51,83
883|187,292,383,422,682,719
884|104,285,406,454,461
885|125,223,646
886|257,349,650
887|210
888|319,474,497,546,632,676,723,730
889|71,170,234
891|236,281,339,686
892|86,159,267,280,458
893|83,220
894|28,77,109,301,726,746
895|143,220,264,408,543,564,739
898|321
900|122,297,359,400,614,639
901|34
902|63,693
904|218,312
906|288
907|524
908|361
909|560
910|177
911|555
913|565
914|230,651,679
915|97,580
918|30,96,296
919|640
921|66,121,410
922|119
923|53
924|427,438
925|691
926|413
927|158,215,688
928|47,314,515
929|123,524
930|337,373
931|120,231,366
932|3,17,186,411,467,570,661,724
933|119,424,481
934|253,390,685
935|643
937|61,317,525,737
938|60,636,742
939|128
940|139,154,624
941|189,415,428
942|228
943|36,187,409,470
944|33,187,409,545,701,721
945|550,680
946|379
947|124,321,650,713
948|721,733
949|201,299,523
950|207,302
951|199,471,579
952|324,462,651
953|201,577,603
954|57,302,629
955|86,267,618
956|19
957|131,150,167,194,326
958|226,235,665
959|517
960|186,302
961|560
962|54,311
963|56,87,354
964|37,536,619,628,726,747
966|479,641
967|356
970|342
973|149
974|348,524
975|29,643
976|156
978|4,480,505,540
980|41
981|380,649
982|116,144
983|45,171
984|429,572
985|265,419,436
987|95,322
988|451,531,538
990|3,295
991|597
992|138
993|79,196,404,513,649
994|250,286,477
995|142
996|468,648,653
998|296,607,722
999|412,582
1000|233,251,343,499,524,532,699,743
1001|168,280,453
1002|507,709
1003|32,541,689
1004|137
1005|25
1006|56,87
1008|250,611,736
1009|736
1011|423,562
1013|51,195,341,606
1014|130,334,352,418
1015|122,165
1016|94,118,139,210,249,545,663
1019|213,504
1020|170,510
1021|118,139,250,545,653
1022|156,342
1023|135,150,207,507,588,624
1025|157
1026|568,602
1028|329
1031|57,173,234,514,662,717
1032|334
1035|539
1037|111,299,697
1038|170,404,425
1039|423
1040|572
1041|13,133,205,219
1042|411,509
1043|294,608
1044|196
1045|55,99,106,379,550
1046|64,65,376
1047|610,694
1048|355,363,745,749
1049|183,339,443,505,540,669
1050|192,197,510
1051|17,105,135
1052|103,372,535
1053|169,494,537
1055|71,119,258,504,573,600,605
1056|76,261,544,659
1057|536
1058|132
1060|114,122,154
1061|18,25,63,456,619
1062|558,747
1063|568,602,690
1064|273,481
1066|6,656,693
1067|722
1068|79,107,592,637
1069|498
1070|282,705
1071|571
1072|169,628
1074|218,675
1075|73,395,460
1077|399
1078|37
1079|51,726,742
1080|199,709
1081|633,729
1082|421
1083|156,588
1084|266,480
1086|524
1087|271,283,547,661
1088|586
1089|425,530
1090|542
1091|69,152,263
1092|34,656
1093|305,557,698
1095|26,659
1096|146,170,692
1097|218
1098|257,271,506
1099|227
1101|246,324,326,462
1102|156,502,743
1103|56
1104|402,584,696
1106|730
1107|605
1108|372,484
1109|134
1110|287
1111|452
1112|141,343,590,699
1114|171
1115|58,250,526
1116|46,275
1117|603
1118|145,338,554,700
1119|38,91,126,442,523
1120|49,151,528,630
1121|51,242,253,330,496
1122|225
1123|639
1124|89,223,281,319,328,355,365,421,451,474,497,546,648,720,723,730,749
1125|12,111,115,248
1126|5,489,612
1127|37,40,49,61,92,113,151,158,176,183,204,221,225,229,232,245,345,356,363,413,426,437,457,470,472,485,490,510,556,567,586,594,595,645,669,673,702,706,734
1128|240
1129|2,233,384
1130|122
1131|603
1133|101,396,661
1134|206,320,434,478,480
1135|191,282
1136|54,284,359
1138|292,415
1139|100,454,581
1140|194,647
1141|236,262
1142|41,86,547
1143|165,283,400,727
1145|25,94,210,483
1147|226
1148|215,230,651,679
1149|2,191,215,483
1150|257,271,506,704
1151|73,395
1152|539,557,587
1153|662
1154|57
1155|332
1156|88,234,255,549
1157|717
1158|16,374,524,613
1161|492,519
1162|198,710
1163|319,529,536
1164|44,269,412,698
1165|259,332
1166|4,675
1168|6,130
1170|324
1171|173,684
1173|268,391
1175|7,102
1176|406,487
1177|117
1178|3,248,312
1179|18,445
1181|346,403,482
1182|514
1183|378
1184|286,720
1185|268,656
1188|69,642
1190|80,288,707
1191|238,325
1193|344
1194|34
1195|291
1196|89
1197|205
1201|27
1202|440
1203|500
1204|23,30
1205|381,589,635
1206|179,556
1208|380
1209|127,187,409,579,721
1210|158,231,490
1211|282,415,704
1212|126
1213|524
1214|375,572
1217|198,514,519
1218|356,456
1219|166
1220|66,121,200,303,340,410,439,552,580,687
1221|122,475
1222|298,527
1224|144,177,180,335,601,618,746
1227|50,110,157,716
1228|84,348
1229|152,542,740
1230|291,411
1231|290,381,461,635
1232|69,561,641
1233|263,455
1234|515
1235|310
1237|513
1239|368
1240|538,662
1241|608
1242|701
1243|31,237,347,480,607
1245|399
1246|116,243
1247|94,210
1248|370,705
1249|22,312,329
1250|226
1251|161,377
1252|337,441,604,744
1253|72,587
1255|108,272,542,718
1256|518
1257|520,539
1258|46,572,580,642
1260|274
1261|479
1262|623
1263|641
1265|62,261,285,650
1266|68,153
1268|668
1269|138,513
1270|402,731
1272|534,691,727
1273|194,284,687
1274|58,218,523,526
1275|126
1278|368
1279|27,440
1281|14,109,155
1282|8
1283|589
1284|397,660
1285|37,369,539
1286|118,653
1287|345
1288|149,384,664
1289|134,434,438
1290|5,107
1291|122,245
1292|595
1294|591
1295|208
1296|538
1297|340,362,475,496,558,589,698
1299|114,338,485,681
1300|251,262,453
1301|5,350
1302|634,670,714
1303|257
1304|120,560
1305|429
1307|420,439
1308|185
1309|211,218,241,254,265,307,432,512
1310|450
1311|107,555,582
1312|216
1313|70,162,200,209,216,293,308,405,439,503,516,520,552,712,741
1315|16,613,728
1317|9
1318|101,510
1319|177,730
1320|61,340,594,687
1321|11,374
1323|304
1324|119,157,303
1326|417,734
1327|146,692
1328|317,424,481,509,703,714
1329|347,388
1330|104,260,349
1331|59,130,142,334,418,504,510
1332|356
1333|139,187,409,524,545,721
1334|66,121,410,580
1336|287,530,584
1337|266
1338|170,431
1339|513
1340|601
1342|269,684
1343|235,278,744
1344|119,504
1345|114,338,384,560,660,681
1346|14,346
1347|12,43,416,438,456,471,473,613,732
1348|155
1349|27,136,161,168,252,295,399,446,609,628
1350|55,205
1351|322,389,563
1353|164,306,511,549,638,717,749
1356|200,738
1357|242,449,640,676
1358|127
1360|9,63,140,287,310,390,497,546,591,728
1361|166,309,579
1362|439
1367|41,54,92,501
1368|147,214,574
1369|193
1370|319,398
1371|35,86,194,267
1373|746
1374|659
1375|65,212,401,535,748
1376|178,203,391
1377|88,255,334,585
1378|636
1379|584
1380|95,196,330,337,493,531,538,604,669
1381|373,549
1382|621
1383|324
1384|616
1385|212,333
1386|479
1387|744
1389|8,234,676
1390|68
1391|342,476
1392|646,677
1393|611
1394|39,641
1395|123,235,278,665
1396|53
1397|254
1398|38,263
1399|456,633,729
1400|183
1401|58,526
1403|23,375
1404|401
1405|53,212,333
1407|172,459,684
1408|81
1409|246
1410|699
1411|324,326,382,462
1412|16,92,99,104,106,168,219,229,237,265,268,269,295,296,320,349,353,434,446,532,550,557,583,613,671,696,698,708,738
1415|18
1416|5,107,206,215,271,272,316,342,361,414,450,478,489,501,522,527,566,582,612,728
1417|20,618,625
1418|345,398,536
1419|161,609
1420|27,136
1422|23,137,222,380,466,493,507,709,722
1423|2,247,504
1424|580,602
1425|23,457,634
1426|633
1427|163,560,702
1428|59,76,316,522,563,585
1429|343,382,622
1430|70
1431|252,324,326,399,462,628
1432|73,327,395,623
1433|527
1435|123,336,729
1437|505
1438|231,327,366
1439|84
1441|230,639,679
1442|25
1443|425
1444|177,601
1446|140,258,310,438,444
1447|144,335,564
1448|155,367,495,575,674
1450|147,441,488,573
1451|6,170,239,290,381,635,699
1452|216,312,329,404
1453|44,93,106,139,180,192,311,422,476,545,550,618
1454|94,102,108,146,210,235,243,259,270,278,339,407,456,643,661,692
1455|118,198,404,653,710
1456|45
1457|3,63,467,517,603,651
1458|97,640
1459|2,41,51,73,92,229,242,253,292,345,395,483,485,496,528,630,647
1462|505,540,605,610,694,715
1464|69,84,144,177,180,335,348,455,480,607,618,641
1466|4
1467|510,641
1468|746
1470|340,439,538
1471|12
1472|3,44,69,84,92,93,94,97,102,108,139,144,146,177,180,192,210,229,235,243,259,278,312,329,335,339,345,348,404,407,422,438,455,456,467,476,480,485,505,528,540,545,605,607,610,618,630,639,641,643,661,692,694
1473|5,16,23,59,99,104,106,107,137,163,206,215,219,222,237,265,268,269,271,272,296,316,320,342,349,353,361,380,434,450,457,466,478,489,493,501,507,522,527,532,550,557,560,563,566,582,583,612,613,671,696,698,702,708,709,722,728,738
1474|7,13,20,71,101,110,119,133,189,226,424,425,431,443,481,495,504,620,715
1475|15,39,53,88,90,120,250,283,318,354,374,386,387,392,408,419,420,433,436,460,469,548,675,701,710,727,737
1476|0,6,18,25,58,66,68,105,116,121,122,123,138,148,153,196,200,239,255,256,288,294,303,305,323,330,337,340,346,351,359,369,378,382,383,385,391,393,394,398,400,401,410,439,440,488,494,503,513,514,526,531,537,538,541,549,552,580,584,585,587,596,603,604,608,633,656,664,681,684,687,714,729,736
1477|82,339,723
1478|14,37,40,49,50,61,89,91,100,111,113,115,151,152,155,157,158,162,176,183,187,198,199,201,204,211,221,223,225,227,230,232,240,241,245,248,254,281,290,299,308,317,319,328,350,355,356,363,365,379,381,396,409,413,415,421,426,432,437,438,442,451,456,457,470,472,474,490,497,510,512,516,523,524,525,530,546,556,558,567,586,594,595,635,645,648,650,651,669,673,679,702,704,706,712,716,720,721,723,730,733,734,741,744,749
1479|8,9,78,297,306,360,369,370,397,491,492,519,551,588,623,626,666,668,683,691
1480|47,57,76,86,126,131,150,218,231,246,267,302,341,366,416,453,499,515,547,562,575,592,614,615,616,629,637,674,680,697,705,747
1481|21,70,134,141,263,270,279,289,358,362,450,475,576,578,724
1482|17,38,45,46,103,111,135,261,264,274,309,333,367,441,543,572,579,602,637,690,703,718,739
1483|4,260,553,597,731
1484|2,27,36,51,52,57,72,73,79,85,95,117,118,120,136,161,167,168,171,182,191,214,220,224,242,251,253,257,258,284,285,295,315,321,324,326,343,344,377,384,395,399,446,462,463,483,487,496,506,565,571,573,574,589,600,611,622,628,636,647,649,653,658,660,699,711,713,742
1485|12,81,127,166,170,181,202,293,300,331,405,471,479,558,631,645,693
1486|42,159,266,417
1487|492,519,732
1488|42,54,82,112,147,222,246,373,448,474,542,619
1489|22,34,43,60,65,74,90,98,124,129,156,160,175,179,186,188,212,311,313,357,414,435,459,482,486,535,555,559,606,654,665,688,725
1490|154,291,569,590,667
1491|28,33,56,87,195,213,233,298,387,430,502,517,599,743
1492|273,282,484,544,659
1493|1,10,11,19,29,30,32,41,55,75,96,114,132,145,169,174,194,197,205,207,208,236,238,244,247,304,325,338,364,371,372,375,402,403,411,423,427,429,447,498,511,529,533,536,539,554,561,568,577,598,609,625,627,652,655,670,676,677,689,697,726,740,745,748
1494|9,12,24,26,31,35,39,43,48,63,64,67,70,80,128,130,140,142,149,165,173,178,184,185,190,193,203,209,216,225,234,252,262,266,275,286,287,307,310,314,322,334,336,347,368,388,389,390,416,418,424,444,449,464,469,471,473,481,484,500,508,509,520,570,576,581,591,601,617,622,634,640,662,666,678,685,695,707,717,732
1495|62,77,83,109,125,143,159,164,172,228,249,276,277,280,292,301,327,332,336,352,376,406,412,428,433,445,452,454,458,461,465,468,473,477,518,521,534,564,593,606,621,624,632,638,642,644,646,657,663,672,682,686,700,719,735,746
1496|227,565
1497|590
1498|67,113
1499|384
1500|37,217,466
1501|402
1502|7,102,110,131,632
1503|62,142,299,373,447
1504|51,418
1505|63,397,569,655
1506|348,527
1508|61,708
1509|271
1510|175
1511|660,749
1515|14,257
1516|81,85,519
1517|170,186,524
1518|95,186,298
1519|458,474
1520|427,688
1521|12
1522|275
1523|154,480,675
1524|537
1525|126,284,285
1526|243
1527|594
1528|710
1529|646
1530|92,229,306,749
1532|434
1533|275,458
1534|292
1535|125,214,290,381,635
1536|171,489
1537|182,728
1540|152,188,259,638
1542|18
1544|542
1548|125,580,646,717
1549|27,136
1550|667
1552|380,553
1553|264,297,543,614,739
1554|640
1555|3,551
1557|235,665
1559|316,522
1560|113,190,501
1561|740
1562|103,294,608,663
1565|637
1567|47,465,562,703
1568|58,122,123,305,359,383,400,401,526,585,597,633,729
1570|25,116,211,256,296,351,394
1571|385,544,590,596
1572|317
1573|96,155,355
1574|346,398,587,681,725
1575|0,148,288,323,382,488,664,714
1576|6,239,303,357,378,440,503,686
1577|39,348,377,393,469,614
1578|254,432,482,514,537,541,649,736
1579|4,207,342,507,582
1580|649
1582|555
1583|206,215,478,489,612
1584|141,484,603,605,656,712
1585|18,25,369,700,709
1586|105,294,372,494,608
1587|22,68,108,138,153,272,402
1588|66,121,200,340,410,439,513,527,552,580,687
1589|30,268,556
1590|255,391,549
1591|23,39,196,330,337,493,531,538,584,604,684
1592|41,406,501,728
1594|5,107,450,591,714
1595|154,248,292,474,682
1597|439
1598|84
1599|29,94,147,210,566
1600|39,377,469
1601|259
1602|283,293,354,363,387,389,420,433
1603|533
1605|205,246,434,563
1606|90,134,157,322,460
1607|1,712,741
1608|230,679
1610|53,710
1611|76,99
1612|88,386,548,675,727
1613|565,716
1614|50,623
1615|15,46,120,419,436
1616|642
1617|232,392,408,701,737
1618|109,493,583
1619|13,182,364
1620|28,432
1622|56,221,250,301,318,374,426,528,630
1623|165
1624|219,602
1625|169,332,709
1628|293,405,413,437,673
1629|19,132,224
1630|48,428
1631|110,133,183
1632|36
1634|227,557,698
1635|20,101,353,435,481
1636|693
1637|489,708
1639|7,110,495,620,671,738
1640|92,168,229,320,434,446,583,696
1641|269,296,412,532
1642|29,265,295,595,628,643
1643|85,189
1645|94,210,226,633
1646|116,425,586,617
1647|6,156
1648|13,55,71,99,106,119,133,205,219,390,443,504,550
1649|464,734
1650|237,385
1652|16,268,613
1654|147,346,500,748
1655|104,269,349,431,714
1656|698
1657|573,688
1658|42,384
1659|4,41,715
1660|414,505,540
1662|642
1663|406
1664|134,362
1665|315
1666|168,234,485,662
1667|242,485,670
1668|233,375
1670|21,279,578,724
1671|358,450,576
1672|141,289,676
1673|19,282,430,486,563,670
1674|497,631
1675|386
1676|95,205,208,263,270,358,475,609,611,749
1677|242,313,333,621
1678|68,449,726
1679|203,212
1680|265,419
1681|72,646
1683|112,394,652
1684|134,263,498,744
1685|53,436
1686|684
1687|569
1688|678
1689|45,75,261,309,333,534,579,690
1690|173
1691|64,124,179,610,694
1693|348,455,610
1694|33,176,429
1695|161,407
1696|376,523
1697|84,126,218,444,575,615,616,674,747
1698|500,656,707
1700|64,65,114
1702|408
1703|341,453,499,562
1704|536,735
1705|47,57,86,119,131,150,154,231,267,302,366,515,629,680,738
1706|639
1709|76,416,481,547,592,637,705
1710|173,234,528,662,717
1711|394,731
1712|116
1713|69,572
1714|18,319,539
1715|324
1716|35,55,193,205,309,579,619
1717|317,503
1718|120,168,429,485
1719|537,675
1720|447
1721|6,45,239,641
1722|634
1724|246
1725|372,614
1726|47
1729|375
1730|492,519
1731|445
1732|194
1733|209,706
1734|297,379,551,623,683,730
1735|20,106,126,550,618
1736|306,360,407,626,668
1738|38,533
1739|625
1742|8,367,441,491,567,641
1743|66,410,690
1744|352
1745|32,137,169,236,689,748
1746|84,171,369,370,397
1747|331
1749|78,588,666,691
1750|99,605
1751|361
1752|40,121,162,308
1753|128
1755|26,37,272,566
1757|290,381,635
1758|9
1759|45,578
1760|248,421
1761|638
1762|11,134
1763|530
1764|148
1766|4,206,354
1767|152,199,201,228,293,299,317,379,411,523,525,650,733
1768|288,438
1769|37,40,49,61,89,100,111,113,115,151,158,176,183,204,221,223,225,230,232,240,245,248,281,319,328,355,356,363,365,396,413,421,426,437,451,457,470,472,474,490,497,510,546,556,567,586,594,595,615,645,648,651,669,673,679,702,706,720,723,730,734,749
1770|91,145,152,227,442,554
1771|271,283,656
1772|111,355,568,749
1773|687
1774|50,157,198,290,381,635,716,740
1775|187,291,409,415,524,704,721
1776|88,148,389,406
1777|196,669
1779|162,216,235,278,308,516,712,730,741,744
1780|14,155,211,241,254,350,362,420,432,512,558
1781|243,655,745
1782|387,433
1783|340
1784|316,522
1785|6,85,595,633
1787|5,107,206,215,268,342,450,478,489,501,527,556,582,612,728
1788|553,667
1789|553,568,667
1790|272,361,566
1791|116,242
1792|718
1793|2,89,247
1794|166,293,405,479,693
1796|127,202,331
1798|420,520
1799|513
1800|170
1801|12,471
1802|88,184
1803|215,418,477,548
1804|42,81,181,300,631,671
1806|686
1807|17,344,413,437,673
1808|695
1809|158,209,688,706
1810|681
1811|386,450
1812|36,576,616
1814|48,114,338,365,422
1815|448,542
1816|25
1817|487
1818|82,105,112
1819|63,70,558
1821|115,147,309,579
1822|135
1823|373
1824|57,67,222,344,466
1825|21,52,85,167,182,220,230,257,279,315,463,506,554,636,649,658,711
1826|2,27,36,51,73,79,118,120,136,161,168,171,191,214,223,242,251,253,258,284,285,295,321,343,377,384,395,399,446,483,487,496,565,571,573,574,589,600,622,628,647,653,660,699,713,742
1827|197,286,507,574,709,722
1829|314,390,681,724
1831|225,581
1832|324,326,462
1833|453
1835|72,194,274,718
1836|166,538
1837|380,642
1838|312,403
1839|479
1840|252,401
1841|9,287,293,405,728
1842|496
1844|113,645
1845|63,140,251,310,510
1846|336,343,699
1847|693
1848|221,224,293,426
1849|23,162,493,531,591
1850|111
1851|329,667
1852|137,236
1853|35,173,256,717
1854|95,497,546,611,631
1855|117,128,193,578
1856|162
1858|98,584
1859|362
1860|1,89,739
1861|86
1862|310,445
1863|182,268,321,658
1864|552
1865|173,291
1866|260,508
1867|77,313
1869|183,451,612
1870|4,247,409,553,597,731
1872|558
1873|353,529,536
1874|452,578,741
1876|626,712
1877|505,540,677
1879|95,636
1880|72,496
1881|475
1883|622
1884|264,443,476,669
1885|238,325,391,525
1886|281,339,589,698
1887|340
1888|275
1889|648
1890|116,322
1891|253,685
1893|718
1894|542
1895|460
1896|17,103,134,135,299,602
1897|46,572,705
1898|122,461
1899|127
1900|117,492,519
1901|375
1902|108
1903|157
1904|185,438
1905|749
1906|90
1909|390
1910|363,602
1911|355
1912|27,91,136,264,543,580,637,703,739
1913|427,745
1914|38,128,367,441
1915|47,193
1916|45,75,261,309,333,515,579,678,690
1918|578
1919|111,274,718
1920|86
1921|0,172,276,277,288,324,593
1922|60,65,212,459,535,661
1923|16,60,65,98,186,212,459,482,535,613,665
1924|175,688
1925|43
1926|16,186,373,414,665
1928|377
1930|98,119,260,482,504,613
1931|105,148,639,664
1932|138,472,586
1933|204,363,672
1935|445,565
1936|160,357,559
1937|77,323
1938|221,560,603,635
1939|513
1940|124,179,313,435,486,620,654
1942|258,337,573,600
1943|517,608
1944|18,74,129,301,692,725
1945|22,90,120,156,201,464,555
1946|479,664
1947|605
1948|71,163,220,608
1949|606,702
1950|34,188,311,422
1951|386
1952|54,524,560,619
1953|17,60,470,570,661,739
1954|361
1955|420,626,727
1956|246
1958|509
1959|520,668
1960|701
1961|89
1963|68,459,667
1964|65,164,212,511,535,549,593,609,638
1966|8
1967|306,569
1968|1,217,590
1969|538
1970|46,123
1971|714
1972|19,132,241,377
1973|248,474,700
1974|3,113,316,405,465,489,522
1975|633
1977|634,675
1978|407,670,676
1980|552,626
1981|236
1982|42,48,82,88,112,147,373,386,448,542,548,695
1983|291,312,360
1984|20,334,470,511,593,609
1985|204,363,472,586
1986|362,395
1987|274
1988|99,719
1989|8,457
1990|84,350,492,519,649
1991|10,282,427
1992|385,559,596
1994|106,550,732
1996|19,430,444,563,670
1997|368,400,537
1998|47,164,515,638
1999|58,172,250,276,324,526
2000|93,165,332,503,597,621
2001|176,245,362,595
2002|0,174,288,314,598
2003|126,277,368,612
2004|169,460,494,634
2005|33,73,257,506
2006|24,533
2007|44,352,556,669
2009|27,136,530
2010|187
2012|5,117,486
2013|28,158,413,437,490,673
2017|5,49,151,262
2018|452
2019|498
2020|376,539,742
2021|580,623
2023|80
2024|412,445,683
2025|53,676
2026|98,127,438
2027|266,417,584
2028|373
2029|125,646,708,710
2030|535,600
2032|202,327
2033|406,642
2034|48,183,232
2035|141,439
2036|88,103,171,190,297,551
2037|148,228
2038|37,40,162,308,331,567,706
2039|528
2040|112,124,179,289,486
2041|580,602
2042|291,508
2043|3,251,453
2044|487,686
2045|48,103,141,466
2047|489
