8|552
10|6,7,14,15,17,21,22,23,24,26,43,59,61,68,84,90,106,253,258,268,271,284,314,325,406,418,455,460,488,496,497,502,503,513,514,518,519,521,539,551,554,557,560,561,567,568,577,579,584,591,603,606,608,618,648,672,686,694,698,728
14|188,218,551,586
21|18,64,69,93,117,169,191,198,213,215,218,568,723,747,788,819,826,832,836
24|652
28|29,44,104,132,170,363,450,532,574,799,804,815
33|211,383,471,746
34|28,30,39,47,49,279,289,368,393,426,496,529,689,747,750,754
37|266,712
50|77,844,845
53|510
64|80,126,141,203,204,359,471,537,635,642
69|82,555,734
75|84,154
76|1,63
77|57,70,131,178,387,456,666,675,709
79|103
81|834
83|22,59,119,213,215,249,256,257,793,832,836
96|302
98|730
100|62,73
106|81,393,460,490,491,602,660,688,791
132|73,330,660
135|334
138|146,550
142|35
144|734
147|24,301,762,764
148|74,590,715
149|97,367,801
150|183,356
151|515,729
154|10,30,82,90,110,117,222,288,401,402,583,618,629,637,638,639,642,644,647,788
155|147,161,791,812
156|36,51,68,113,120,147,153,160,162,172,198,202,221,231,300,307,310,457,528,573,612,629,670,692,784,798,811,842
158|32,52,205,269,283,360,461,487,513,543,831
164|116
165|675,794
181|31,69,397,402,403,423
186|40,47,88,137,264,288,571,615,707,740,777
189|123,416,845
192|25,135,174,181,214,310,537,572
195|560,586,587
200|736
201|463
209|132
213|227,592
218|94,125,137,226,280,351,414,575
219|604
224|483
226|371,769
227|70,110
233|555,572,676,705,818,820,841
240|68,338,350,355,556
244|846
252|1,38,42,43,45,133,162,174,195,221,229,232,434,479,482,492,511,518,528,567,633,646,702,723,838
264|752
276|306,309
285|612,625
289|220
295|12,497
297|32,48,126,153,194,246,313,321,441,484,539,672,685,706,724,739,741,766,791,795,820
301|132,799
302|94,98
311|260,317,319,320
314|468
316|235,456,626
320|1,21,54,360,626
323|17,23,24,26,61,126,473,480,486,494,541,600,612,625,634,697,770
327|306,309
339|121,561,596,645
343|592
356|59,305,340,663,701,717,757
360|335
365|23,233,413,460,525,545
377|616
384|127,305,485
386|96
397|24,253,283,355,442,492,535,570,621,672,686,697
401|769
406|610
408|351,359,442
417|450,487,515,637
419|8,33,36,46,146,446,582,592,624,838
422|52,549,626,632,838
424|7
425|83,117,148,279,315,372,465,506,550,671,711
426|35
427|109,313,507,563,746
428|385,447,620
429|10,19,41,93,127,139,150,159,165,185,191,235,805
436|158,625
446|354,516,738
452|165,487,515
460|21
461|4,104,230,234,242,378,833
464|250
469|498
472|7,49,60,62,79,85,593,725,743,750,839
473|56,318
495|48,148
498|311
507|76,465,508
509|171
510|694
518|782
523|62
538|9
545|535
558|76,228
562|7,19,23,32,59,90,106,116,656,708,713,722,782
569|125,642,715
576|8,13,41,446,582
579|588
586|50
588|318
598|1,94,98,435,704
607|14,15,22,26,47,85,175,418,513,516,518,599,809,840
614|277,394,442,473,643,717,766
618|116,263,656,708,713,722
619|77,160,161,199,238,270,280,440,485,846
625|94,758
634|296,304,316,327
638|129
646|373,424,438,511,544,546,599
649|33,373,601,608,620,809
650|4,6,297,493,614
653|478,495
654|86
660|33,423
661|24,46,113,120,196,331,570,608,648,684,693,698,784,790,838,846
663|416
665|209,676
671|41,52,91,131,216,216,407,425,512,612,625,632,705,716,718,829,829
674|196,608,846
675|4,691
676|48,379,458,759
677|1,62,236,344,507,848
680|5,7,25,73,302,375,389,394,415,522,530
684|810
685|60,62,79,85,565,635,636,638,642,644,681,682,783
686|676
690|47,513
696|11,14,21,23,62,87,122,123,240,278,398,444,452,476,584,789,839
698|28,38,63,75,86,92,113,119,120,146,249,256,313,329,495,575,784,790,793
702|71,504
704|154,332,690,848
707|68,84,354
708|69,70,71,89,92,96,102,417,424,475,520,594,597,603,661
710|518,639
711|5,158,202,231,237,831
712|210
714|429
716|36,49,51,60,62,68,79,85,113,120,147,153,160,162,172,202,221,231,300,310,528,593,629,670,692,725,743,750,784,811,839,842
717|378
725|47
731|140,252,806
738|308,367
741|20,585,636,664,721
742|10,42,43,192,342,429,569
746|544
747|483,836
756|214,223,237,282,819
759|301
761|35
762|43,411,451
763|188,362,566,713,847
767|205,378,809,831
779|2,56,271
785|716
787|11,566
801|146,153,154,507,572,592,606,810,825,832,837
802|0,9,482,614,702,723
803|143,364,402,629,797
814|378,381
817|519
825|29
839|105,438,741
840|263,691,704
843|135
849|7,137,269,283,527,543,767
850|419,470,474,483,506,549,634,728
855|34,467
856|0,3,9,12,13,14,16,18,37,48,50,60,69,72,73,75,78,83,85,88,89,91,93,101,103,104,107,108,113,115,119,122,132,136,139,153,154,156,171,174,175,180,182,203,204,207,209,212,213,215,224,228,229,232,256,257,276,291,313,323,349,358,365,366,395,447,457,478,521,522,524,528,530,573,575,576,583,601,620,630,631,671,672,695,702,703,704,706,711,720,724,725,735,745,753,755,766,787,805,806,810,817,818,822,823,824,828,829,830,832,834,836,839,841,843,848
857|18,61,68,359,454
859|2,8,32,129,263,329,404,554,584,644
860|335,339
863|328
864|22,109,391,516,637
865|826,839,845
867|33,95,483
869|444
885|305
890|76,83,250,315,414,432,465,506,550,671,711
891|100,178,482,816
893|241
894|15,33,38,89,124,135,152,295,459,562,622,751,809,813
895|45
896|249,500
899|32
906|146
912|1
915|82,164
918|5,368,384,512
919|136
922|12,14,15,17,23,45,58,272,284,322,390,394,415,419,425,451,455,522,545,561,568,698
923|3
933|744
935|63
937|761
939|2,159,165,476,477,493,512,691
940|31
943|433
945|261
950|74,634,648,677,818,841
954|49,51,61,97,101,108,134,157,343,551,555,586,842,849
961|74,120,677,790
967|32,64,614
970|289
971|49,51,73,254,473,524,545,567,733
972|199
978|351,360,442,461
979|19
984|386,540,754
987|105,297,469,607,799,844
990|417,493
992|101,695,720,829
993|102
995|3
997|7
1002|36
1003|31,70,675
1005|428
1006|352,361,384
1009|730
1023|507
1025|34,848
1029|218
1033|225,233
1042|112
1045|840
1046|110,154,554,582,844
1047|4,20
1052|33
1056|17,101,126,236,576,686
1065|518
1069|765
1072|430,598,650
1080|721
1081|95,127,191,193,523,692,819
1086|51,89,94,97,98,99,105,108,310,437,451,461,472,578,744,758,781,835,842,849
1092|417,589
1094|602,742
1098|86,317,319,320,748
1103|74,137,149,201,590,592,699,715
1110|531
1114|381
1118|98,103,131,149,218,847
1119|79,142,181,296,304,327,564,572,574,634,742
1123|146,308
1128|100,125,139,511,779,805,844
1129|7,20,21,46,55,61,63,264,347,415,464,535,547,608,654,679,736
1130|740
1131|448
1135|429
1136|29
1140|22,32,131,420,444,452,563
1155|837
1171|592
1172|205,690,831
1178|16,478,569,657,674
1194|80,273,375,376,505,523,641,703,711
1207|282,297
1210|294
1215|282,514,836
1216|77,182,192,215,317,362,376,393,578,817,818,841
1224|0,29,104,371,379,515,634,681,738,776,844
1225|50,82,118,127,130,171,204,217,242,353,393,524,536,559,565,583,633,704,731,800,836
1229|5,176,202,231,237,607,622,776,786,807,831,844,848
1230|31,99,105,128,129,132,155,173,177,348,635,642
1232|51,85,377,384,409,428,429
1233|38,47,80,174,190,214,216,223,237,322,326,441,496,589,829
1235|92
1236|48,88,93,117,126,128,129,246,313,672,680,685,706,724,753,755,756,763,766,778,795,813,814
1237|12,19,21,48,56,69,72,78,80,103,350,366,559,588,596,616,645,653,706
1238|34,154,572,578,671
1244|12,522
1245|22,188,219,239,649,787,847
1246|40,199,288
1249|300
1254|34,121,246,433,461
1260|326,593,845
1261|9,60,211,347
1262|1,7,12,13,46,59,73,78,140,258,259,314,322,347,366,369,391,424,470,474,522,549,583,672,752,806
1263|665,668
1270|265,267,598,605
1271|429
1279|60,88,93,97,153,154,334,680,685,727,753,755,825,833,837
1283|19,141,238,690,715
1284|96
1286|455,648
1289|166
1291|131,228
1295|318
1298|8,18,24,26,44,413,455,456,480,501,509,554,604,669,771
1303|162,195,221,229,232,251,272,838
1308|24,106,173
1309|803
1317|381
1323|345
1329|436
1332|299
1334|142,815
1338|41,512
1346|691
1348|5,488
1352|463,517,626,638
1357|108,179,359,379,541,546,781,837
1366|213,215,780
1368|5,247,275,316,325,354,368,396,399,410,519
1371|440
1376|188,218
1381|91
1386|544
1389|457,598,605
1396|484
1401|74,234,831
1402|675
1403|148
1410|91,624
1412|200
1413|6,207,535,726,798
1415|125
1416|59,238,239,240,241,242,243,244,245,246,247,248,249,250,251,252,253,254,255,256,257,258,259,260,261,262,263,264,265,266,267,268,269,270,271,272,273,274,275,276,277,278,279,280,281,282,283,284,285,286,287,288,289,290,291,292,293,294,295,296,297,298,299,300,301,302,303,304,305,306,307,308,309,310,311,312,313,314,315,316,317,318,319,320,321,322,323,398,652,689
1424|162,173,174,193,205,206,207,233,234,235,236,237,250,251,257,265,273,275,291,317,318,326,330,347,353,358,364,367,370,371,372,373,374,375,376,377,378,379,380,381,382,401,405,406,407,408,409,416,422,432,434,443,444,449,454,455,456,472,473,474,484,487,496,497,498,500,502,503,506,509,510,511,512,513,514,515,516,517,518,519,520,521,522,523,524,525,526,527,528,529,530,531,532,533,534,535,536,537,538,539,540,541,542,543,544,545,546,547,548,549,550,551,552,553,554,555,556,579,580,583,586,591,607,608,609,613,639,651,662,663,684,685,686,687,688,689,696,706,714,715,730,731,732,742,747,748,759,769,770,771,778,779,780,789,790,791,792,793,794,795,796,797,798,799,800,801,819,820
1425|159,160,161,172,192,203,204,230,231,232,242,243,246,252,253,254,255,256,257,258,259,260,261,264,268,272,274,276,277,291,292,293,294,295,298,318,319,320,325,333,334,349,359,360,361,362,363,364,365,366,367,368,369,371,375,379,386,393,394,395,396,397,417,421,427,431,434,440,441,442,444,452,453,455,464,470,471,483,484,485,486,487,488,489,490,491,492,493,494,495,496,497,498,499,500,501,502,503,504,505,506,507,508,517,523,529,533,534,535,536,537,568,575,576,577,578,579,580,581,582,596,604,605,606,612,618,628,638,649,650,661,667,671,677,678,679,680,681,682,683,685,686,695,713,727,728,729,758,768,777,778,779,780,781,782,783,784,785,786,787,788,802,803,811,823
1426|138,139,140,141,142,143,144,145,146,147,148,149,150,151,164,165,213,214,240,247,248,249,251,254,255,256,257,263,272,301,310,314,323,327,352,365,370,372,388,392,396,399,401,402,403,404,405,406,407,408,409,410,411,412,413,415,421,422,423,427,436,439,457,458,459,460,461,462,469,478,479,500,520,526,546,547,548,549,550,554,560,574,581,588,589,590,592,598,599,600,601,602,603,604,605,606,607,608,609,610,611,612,613,614,615,616,617,618,619,620,621,622,623,624,625,626,627,628,629,630,631,632,633,634,635,636,637,638,639,640,641,642,643,644,653,673,679,680,688,698,699,702,703,704,705,706,707,708,709,717,718,735,749,761,762,763,764,772,773,774,775,782,804,805,806,807,808,809,816,825,826
1427|55,144,163,175,176,194,195,208,209,210,211,212,230,250,256,258,259,265,267,271,273,274,275,276,290,292,297,315,316,332,335,344,345,351,357,359,365,369,370,376,380,381,382,383,384,385,386,387,388,389,390,391,392,393,394,395,396,397,398,399,400,409,410,411,413,418,419,420,425,425,426,428,429,430,435,437,445,447,456,461,470,473,475,476,477,485,499,511,512,518,519,525,531,533,541,542,543,544,545,548,557,558,559,560,561,562,563,564,565,566,567,568,569,570,571,572,573,574,575,576,577,578,579,580,581,582,583,584,585,586,587,588,589,590,591,592,593,594,595,596,597,610,611,612,613,614,619,620,629,640,641,652,652,672,687,690,691,692,693,694,695,696,697,698,699,700,701,707,716,733,734,760,781,798,799,802,803,821,824
1428|138,139,140,141,142,143,144,145,146,147,148,149,150,151,152,153,154,155,156,157,158,159,160,161,162,163,164,165,166,167,168,169,170,171,172,173,174,175,176,177,178,179,180,182,183,184,185,199,200,201,202,203,204,205,206,207,208,209,210,211,212,213,214,215,216,217,222,223,224,239,241,242,243,244,245,246,247,250,260,270,277,278,279,280,281,282,283,284,289,290,291,292,293,294,295,296,297,298,299,300,301,302,303,304,305,306,307,308,309,310,311,312,313,322,325,330,331,332,333,334,335,338,341,348,350,351,352,360,364,366,374,378,383,384,393,398,402,403,406,414,424,425,426,429,431,432,433,434,435,436,437,438,439,440,441,442,443,444,445,446,447,448,449,450,451,452,453,454,455,456,457,458,459,460,461,462,463,464,465,466,467,468,469,470,471,472,473,474,475,476,477,478,479,480,481,482,483,484,485,486,487,488,489,490,491,492,493,494,495,496,497,498,499,500,501,502,503,504,505,506,507,508,509,510,511,512,513,514,515,516,517,518,519,520,521,522,523,524,525,526,527,528,529,530,531,532,533,534,535,536,537,538,539,540,541,542,543,544,545,546,547,548,549,550,551,552,553,554,555,556,557,558,559,560,561,562,563,564,565,566,567,568,569,570,571,572,573,574,575,576,577,578,579,580,581,582,583,584,585,586,587,588,589,590,591,592,593,594,595,596,597,598,599,600,601,602,603,604,605,606,607,608,609,610,611,612,613,614,615,616,617,618,619,620,621,622,623,624,625,626,627,628,629,630,631,632,633,634,635,636,637,638,639,640,641,642,643,644,645,646,647,648,649,650,651,652,653,654,655,656,657,658,659,660,661,662,663,664,665,666,667,668,669,670,671,672,673,674,675,676,677,678,679,680,681,682,683,684,685,686,687,688,689,690,691,692,693,694,695,696,697,698,699,700,701,702,703,704,705,706,707,708,709,710,711,712,713,714,715,716,717,718,719,720,721,722,723,724,725,726,727,728,729,730,731,732,733,734,735,736,737,738,739,740,741,742,743,744,745,746,747,748,749,750,751,752,753,754,755,756,757,758,759,760,761,762,763,764,765,766,767,768,769,770,771,772,773,774,775,776,777,778,779,780,781,782,783,784,785,786,787,788,789,790,791,792,793,794,795,796,797,798,799,800,801,802,803,804,805,806,807,808,809,810,811,812,813,814,815,816,817,818,822,823,824,825,826,827,828,829,833,834
1429|55,152,153,168,181,182,183,184,185,186,187,188,189,190,191,192,193,194,195,196,197,198,199,200,201,202,203,204,205,206,207,208,209,210,211,212,213,214,215,216,217,218,219,220,221,222,223,224,225,226,227,228,229,230,231,232,233,234,235,236,237,238,239,240,241,242,243,244,245,248,249,252,253,259,285,286,287,288,289,293,294,295,307,308,309,310,311,312,313,315,316,330,336,337,339,340,343,346,349,354,355,359,360,361,370,377,380,381,382,389,400,401,402,405,412,418,423,428,431,432,433,434,435,436,437,440,447,450,454,466,467,468,475,478,483,484,485,486,488,492,493,496,501,509,510,511,512,513,514,533,551,557,558,559,560,561,562,567,570,575,584,589,598,599,600,604,605,615,622,623,633,645,646,647,648,649,650,651,652,653,654,655,656,677,684,690,691,702,721,722,740,741,742,753,754,789,790,804,812,817,818,819,820,821,822,823,824,825,826,827,828,829,830,831,832,833,834
1430|55,92,142,143,157,158,163,171,188,189,190,191,200,201,202,228,229,238,241,244,260,262,263,264,265,266,267,268,269,270,271,296,297,298,299,300,314,321,322,327,331,343,344,349,350,351,352,353,354,355,356,357,358,359,363,389,390,391,392,404,407,411,416,417,433,452,460,466,467,468,469,470,471,472,473,474,475,476,477,478,479,480,481,482,489,490,491,497,510,516,529,530,531,532,535,538,543,557,558,570,571,572,573,574,583,599,601,617,626,627,637,648,660,666,669,670,671,672,673,674,675,676,694,705,712,726,746,757,766,767,768,769,770,771,772,773,774,775,776,793,794,795,796,822,824
1431|140,141,155,156,170,181,182,183,184,185,186,187,188,189,190,191,192,193,194,195,196,197,198,199,200,201,202,203,204,205,206,207,208,209,210,211,212,213,214,215,216,217,218,219,220,221,222,223,224,225,226,227,228,229,230,231,232,233,234,235,236,237,239,240,242,245,261,269,271,272,273,274,275,276,277,278,279,280,281,282,283,284,285,286,287,288,301,302,323,326,328,331,336,337,338,339,340,341,342,343,344,345,346,347,348,353,361,362,371,372,373,385,386,387,388,390,394,403,404,410,414,415,430,439,443,447,448,449,450,451,452,453,454,455,456,457,458,459,460,461,462,463,464,465,466,488,521,522,523,524,525,526,527,528,541,546,547,567,568,569,571,572,576,585,590,602,603,610,611,616,625,635,636,647,657,658,659,665,666,667,668,670,678,693,704,711,725,744,745,753,754,755,756,757,758,759,760,761,762,763,764,765,806,810,813,814,815,817,818,819,820,821,822,823,824,825,826,827,828,829,830,831,832,833,834
1435|617
1436|138,139,140,141,142,143,144,145,146,147,148,149,150,151,152,153,154,155,156,157,158,159,160,161,162,163,164,165,166,167,168,169,170,171,172,173,174,175,176,177,178,179,180,198,216,217,251,252,254,255,262,283,303,304,305,319,324,328,329,335,348,358,362,363,368,369,373,397,400,423,424,425,426,427,428,429,430,435,437,446,451,462,465,467,481,482,495,499,505,506,507,508,514,527,528,532,537,550,556,561,565,566,582,594,595,596,597,600,609,632,633,634,635,636,637,638,639,640,641,642,643,644,655,664,668,675,676,683,701,709,720,721,722,723,724,725,726,727,728,729,730,731,732,733,734,735,736,737,738,739,740,741,742,743,744,745,746,747,748,749,750,751,752,753,754,755,756,757,758,759,760,761,762,763,764,765,766,767,768,769,770,771,772,773,774,775,776,777,778,779,780,781,782,783,784,785,786,787,788,789,790,791,792,793,794,795,796,797,798,799,800,801,802,803,804,805,806,807,808,809,810,811,812,813,814,815,816,827,828,829
1437|146,147,152,153,154,155,156,157,158,159,160,161,162,163,164,165,166,167,177,196,197,215,234,239,244,246,253,258,263,264,266,284,289,290,296,306,329,333,334,337,346,347,355,356,357,366,367,376,377,378,379,384,412,413,414,415,416,417,418,419,420,421,422,433,438,446,463,464,471,474,476,477,479,480,481,482,501,502,503,504,507,513,540,545,551,552,553,554,555,556,564,569,591,592,593,594,595,606,614,622,623,624,625,626,627,628,629,630,631,632,643,645,646,647,648,649,650,651,652,653,654,655,656,657,658,659,660,661,662,663,664,665,666,667,668,669,670,671,672,673,674,675,676,677,678,679,680,681,682,683,684,685,686,687,688,689,690,691,692,693,694,695,696,697,698,699,700,701,702,703,704,705,706,707,708,709,710,711,712,713,714,715,716,717,718,719,720,721,722,723,724,725,726,727,728,729,730,731,732,733,734,735,736,737,738,739,750,765,776,783,784,785,800,807,808,810,811
1438|133,700,793,806,843
1440|27,76,332
1444|199
1445|69
1446|79,145,634
1454|22,69,467,471,483,500,507,514,516,518,531,535,565,569,572,574,590,592,595,597,601,606,607,609,611,613,619,620,623,624,628,633,646,649,657,667,678,680,688,693,723,730
1455|22,69,467,471,483,500,507,514,516,518,531,535,565,569,572,574,590,592,595,597,601,606,607,609,611,613,619,620,623,624,628,633,646,649,657,667,678,680,688,693,723,730
1464|213,215,255,374,447,502,752,767,780,792
1465|767,792
1466|746
1470|6,406
1471|70,91,224,531,627,670,701,723
1472|212,824
1479|119,145
1480|11,61,344,365,452,555,702
1482|40,288,842
1483|73
1484|30,46
1486|157,166,247,587,691,712
1488|100,281
1491|91
1499|96,846
1504|184
1506|210,267,320,562,710
1508|184
1510|184
1521|19,48,76,90,95,98,139,159,165,499,690,805,808
1525|184
1526|38,41,217,489,512
1529|40,123
1539|71
1546|549
1549|269
1550|16,498,525
1554|564
1556|359,424,453,660,678,689,733
1557|46,135,509,736,801
1560|324
1562|837
1566|3,144,181,302,325,397
1569|387,395,403
1570|4,343
1571|26,154,270,307,585,710,844
1575|657
1579|42,436,540,553
1582|11,14,18,21,23,46,51,62,81,248,272,290,324,342,348,366,383,398,421,435,444,446,499,512,584,673
1591|77
1594|53,98,126,134,577,592,795,803,809
1598|538,554,604
1600|33
1601|97,300,325,618
1606|70,226,775
1608|7,11,101,327,328,499,522,530,542
1609|456,466,575,788
1610|44,734
1617|122,789,839
1618|189,457,565,573,714,804
1619|610
1621|39,62,107,131,148
1623|35,154,311,408,411,542,620,717,844
1629|50,311,345,559
1640|77,149,767,792,848
1641|499,625,799
1647|394,643
1650|369
1652|2,46,103,179,260,274,306,314,469,488,493,498,505,509,523,576,580,658,665,689,712,736,753,801,812
1653|254,276,473,500
1658|483
1660|42,43
1661|99,387,401,402,409,416,428,435,495,618,638,642,644,737,772
1674|190,214,223,237
1677|597,627
1680|359,678
1683|617
1690|274,292
1694|198
1695|151,169,201,826,849
1696|567,808
1700|809
1709|321,683
1714|29,118,168,186,190,197,225,303,312,357,362,363,485,744,760,829
1715|5,95,127,130,135,141,202,231,747,842
1722|335
1730|16
1732|17,18,25,42,54,338,355,392,436,497,509,574,597,610,629,690
1733|52,375,487,515,547
1734|503,593,821
1735|19,319,611,663,664
1739|37
1742|8,149,301,343
1746|48,440,559,588,610,621
1748|91,131,407,705,718
1749|13,17,18,50,81,114,493,503,530,559,613,628,688
1750|265,293,347,403,413,419,446,538,540,557,591,604,605,610,673,719
1754|28,34
1763|37
1764|29,37,60,85,99,437,451,471,520,634,635,642,682,696,807,813,825,844,848
1766|133
1770|43,53,55,109,110,117,123,150,548,788
1771|89,96,140,167,332,689,745,766,806,840,849
1772|716
1773|729
1775|273
1776|318
1778|9,37,58,137,170,186,208,439,556,690,761,815
1780|284
1783|72,577
1785|23,405
1791|54,502
1792|678,734
1793|316,396,399,583,722,749
1796|171,195,646
1797|2,13,17,18,25,56,277,389,430,529,530,598,621,650,698,699,718,817,818
1801|501,615
1802|102,630
1805|24,49,63,65,80,87,120,122,331,468,544,581,674,717,741,747,749,751,754,771,777,792
1806|526
1807|27
1808|86,537,566,630
1812|444,565,613
1818|631
1819|700
1820|519,735
1829|150
1831|122
1842|86,99,122,177,218,234,789,839,846,847
1848|421
1850|183,803
1851|678,758
1853|24,106
1854|1,137,265,267
1856|154
1865|9,48,56,58,87,92,114,297,508,665,668,672,679,683
1867|446
1876|39,52,72,73,159,528,576,596,630,658,839,845
1877|374
1882|537,641,643,647,649,650,652,699
1889|607
1898|39,55,90,95,102,119,238,262,312,454,766
1900|22,24,27,54,252,253,254,259,262,263,268,300,329,338,385,390,394,413,415,454,509,510,514,518,534,545,621,698,712
1902|828
1905|284
1909|448
1911|49,84,106,258,475,480,547,550
1913|375,513
1918|30
1921|111,152,262,624,779
1932|74,80,234,273,375,376,500,505,516,562,567,569,572,641,673,679,683,718,831
1934|35
1935|46,549,627,835
1937|347
1938|493,503,558
1939|30,64,78,120,128,153,160,162,171,172,207,243,244,287,298,340,367,377,379,382,458,459,477,692,726,790,808,811,842
1940|72,122,229,707,832,839
1941|61,343,504,555,835,849
1948|343
1951|267,320,562,710
1954|500
1955|55,76,103,114,172,260,274,314,358,434,469,479,488,498,505,523,576,616,658,665,712,803
1960|372
1961|737,738
1962|247
1965|167
1967|737,738
1970|115,317
1973|54,90,118,125,183,245,315,390,393,438,443,447,450,492,507,524,532,533,559,561,596,614,639,645,656,680,685,695,699,720,745,755,798,803,844,846
1975|95,112,157,163,166,175,796
1976|164,307,477,827
1978|189
1980|53,126,400,795,809
1981|6,8,10,16,17,24,26,36,54,58,61,67,73,75,76,86,98,99,101,103,105,106,108,109,111,112,115,121,123,135,149,174,181,205,214,234,251,252,253,254,256,257,260,266,268,269,271,274,277,283,285,292,303,322,336,337,341,349,361,364,370,386,391,392,404,405,406,431,448,453,454,462,464,469,470,473,481,486,488,494,497,498,502,505,506,523,525,576,577,579,600,641,651,652,655,658,659,660,663,665,686,687,697,729,760,768,773,775,785,831,845,848
1982|41,382,678,758
1983|420,715
1986|312,637,647
1994|612
1996|25,30,74,75,236,609,838
2007|37,104,115,156,213,215,810,823,843
2010|287,767,808
2012|8,12,13,16,68,79,151,156,213,215,360,456,480,483,522,536,548,554,556,561,566,568,584,598,604,605,612,624,625,630,652,669,726,810,823,843,845
2015|47,496,614
2018|687
2022|580
2024|315,609,631
2027|285,405,474
2029|572,574
2030|518,680
2044|7,101,487,499,515,522,530,542,683,739
2045|24,59,283,430,455,468,536,546,621,712,835
2046|66,445,592
2080|26,79,327
2095|9,149,284
2112|63,468,657,717,722,725,757,759,802
2119|422
2122|59,99,105,200,634,648,701,757,793
2125|1
2128|146
2129|11,45,52,56,82,84,114,167,314,376,410,443,509,546,640,661,724
2132|202,231
2139|333,472
2150|130
2168|196,774,846
2171|29,77,210,380,431,773
2176|67,98,108,445
2178|631
2180|283
2182|808
2183|36,258,481,629
2184|648,698,794
2185|39
2186|701
2190|64,205,437,831
2191|177
2199|53,57,343,566
2203|374,581,637,640
2204|626
2205|74,201,677,817,818,841
2206|493
2222|40,118,484,701,742,744,822
2226|369
2227|462
2232|1,50,84,615,640
2234|226
2235|388,489
2238|5,21,24,92,355,368,369,460,464,491,546,597,730,774
2241|337
2243|169,812
2246|764
2249|409
2255|667
2256|380
2258|1,3,14,15,18,25,46,60,61,63,81,84,85,89,131,134,161,184,185,201,208,253,277,312,314,322,333,371,383,384,421,422,445,460,462,464,472,474,480,491,517,545,547,609,635,654,669,681,682,684,688,727,739,753,761,762,764,769,822,835,849
2261|181
2276|44,630,667
2283|64,112,119,132,151,160,227,450,705,811
2302|589
2312|123,448,845
2315|176,794
2319|773
2326|26,67,268,271,301,302,319,359,381,405,627,721
2330|161
2331|606,839,846,847
2332|624,794,801
2334|30,40,110,114,180,245,289,346,388,699
2340|51,67,87,91,524
2342|43,481,502,521,627
2361|87,123
2362|782
2364|364,537
2366|273,277
2375|19,44,62,103,259,500,600,616,617
2381|33
2389|25,210,372,480,652
2392|100,780
2398|53,57,572
2416|3,20,22,36,50,64,74,78,104,113,124,155,180,195,203,211,219,229,230,239,243,366,412,435,531,532,552,574,595,606,613,628,631,633,645,649,653,657,667,670,693,696,703,706,722,737,749,830
2449|85,186
2450|74,493
2452|32,844
2457|16,25,45,140,260,266,268,284,353,355,453,475,496,503,519,551,594,734,806
2461|358,465,497,585
2468|38,116,120,790
2470|53,132,186,781
2474|88,142,815
2477|170,471,779,815
2478|299,640
2479|297,531
2480|723
2481|8,11,17,43,50,66,72,84,85,86,91,96,109,112,167,233,238,239,284,359,362,386,391,404,417,419,424,451,486,494,509,510,521,529,545,571,574,583,589,600,626,626,627,651,652,689,717
2484|20,65,77,78,81,83,93,119,124,130,132,199,217,219,437,523,542,567,570,633,660,688,745,800,838,848,849
2485|194,820
2490|514,518
2501|20,636,664,721
2510|108
2511|359,362
2515|196,846
2516|26,270,284,462,710,712,765,836
2518|47,80,121,253,350,513,571
2520|612,625,726
2528|199,736
2533|109,136,223,631,843
2538|29
2540|5,34,125,284,286,287,290,293,295,318,321,324,339,757
2543|735,776,786,807,844,848
2546|447
2554|125,137,173,275,558,768
2555|58,102
2561|277
2570|247,335
2576|102,317,376
2578|21,23,24,85,91,102,103,217,261,264,386,413,419,442,456,486,489,509,523,549,588,606,607,624,627,654,671,703,711,728,730
2579|431,432
2580|42,821
2582|178
2584|427,835
2587|20,59,271,314,343,359,362,410,487,501,504,566,630,689
2588|764
2592|22,418
2593|28
2595|726
2596|7,25,73,242,302,375,389,394,415,522,530,643,659
2603|57,58,71,75,122,150,238,490,491,658,789,806,839,840
2606|49,425,542
2607|2,312
2610|511,550,599,664,672
2614|308
2615|567
2616|180
2618|584
2620|31,41,66,385,401,512
2622|743,840
2628|590,842
2635|195,261,696,709
2639|277,392,504,707
2640|27
2645|32
2648|457
2654|284,775
2656|457
2657|60,235,603,659,725
2658|319,359,531,670,793
2660|5,45,66,241,248,311,368,385
2662|41,100,446,827,847
2673|139,482,805
2674|523,703,846
2676|213,215
2677|24,36,49,63,65,80,87,116,120,122,168,197,381,544,581,627,674,741,747,749,751,754,771,777,792
2680|8,199,425,718,722,836
2681|643
2683|603
2685|3,107,827
2686|130,231,362
2689|721
2691|45,54,111,330,376,413,486,492,536,583,586,587
2693|6,25,75,296,303,304,631,752
2698|27,260,390,394,415,483
2703|546
2712|471,572
2716|134,700,803
2719|224,232,732,822
2725|4,10,47,49,59,71,96,107,147,161,179,256,381,456,466,513,528,575,676,787,788,812
2730|625
2731|15
2735|21,56,69,514,518,540,730
2736|36
2737|694
2738|77,419,730,733,846,847
2740|40,288,487
2741|760
2746|144,300
2751|52,78,83,89,97,100,108,110,124,126,128,133,156,164,168,194,197,206,210,213,215,225,233,250,353,373,414,434,450,456,466,479,521,533,536,575,611,631,660,662,670,684,708,713,732,735,739,765,769,770,773,774,775,776,782,783,786,797,798,807,810,819,821,843,844,848
2755|66,726,731
2759|40,297,757,759
2761|24,76,106
2763|127,228
2764|509
2767|111,436
2775|449
2777|39,511,599,664
2778|296,304,327,332
2780|16,24,54,58,106,123,252,254,266,268,271,285,364,370,386,391,392,404,405,406,453,454,470,473,481,486,494,497,502,525,577,579,600,641,651,652,655,663,697,768,785,845
2787|467
2792|144,265,272,293,329,347,403,413,419,446,538,540,557,591,604,605,610,673,719,843
2802|6,7,20,22,25,44,47,57,107,260,266,269,273,313,323,358,360,365,406,418,482,492,509,513,526,607,620,666,690,709
2804|31,52,632
2805|68
2806|32,53,57,95,160,162,535,572,583,811,843
2807|107,178,318,395,816
2809|72,93,105,127,150,185,235
2814|3,20,492
2816|743
2817|44,71,138,141,224,230,823
2818|52,82,82,88,122,164,228,466,631,680,753,755,777,808,845
2819|30,50,55,64,69,70,71,81,89,92,102,114,118,120,122,128,153,171,244,389,417,424,458,475,539,559,565,594,597,603,611,628,646,661,688,790,842
2820|11,104,365,452,620,702
2823|472,804
2824|375,808
2825|137,168,197,225,485,757,829
2826|624
2829|562
2830|372,647
2832|101
2834|212,245,346,506,624,824
2838|24,53,61,79,239,494,527,579,655,662,669,682,690
2839|113,117,520
2840|111
2842|55,136,734,793
2845|2,6
2847|30,60,63,65,66,124,130,133,144,152,192,226,294,359,360,362,376,459,514,519,535,722,736,757,800,838,849
2851|414,779,801,802
2857|28,31,60,99,103,106,155,265,267,304,591,605,610,687,710,719,720,756,771,786,814
2859|154,318,572
2860|42,43,58,73,75,76,77,86,111,115,260,274,292,469,488,498,505,506,523,658,659,665,687,729,760
2862|38,99,310,483,564,617,728,772
2864|52,259,261,262,694,765
2865|70,80,89,95,110,124,125,126,189,220,294,306,309,520,565,742,751,763,792,795,796,843,848
2868|29
2869|1,10,84,445,609
2870|13,58,268,622
2871|102
2873|377,396,399,558,639
2874|74,120,193,677,790
2879|14,15,25,26,54,58,168,233,241,254,264,266,270,276,353,392,398,464,504,553,554,584,604,673,679,710,718
2880|115,154,335,848
2881|68,335,338,350,355,556,580
2882|272,329,845
2884|27
2886|22,59,124,135,187,213,215,257,378,832,836
2893|233
2895|331
2897|45,53,79,369,516,527,535,571,597,655,662,673,682,766
2898|45,221,513
2899|38,564,617,728
2901|590
2903|208
2910|42,43,647,808
2911|1,9,12,13,16,19,37,69,115,120,136,154,217,230,240,270,276,278,286,323,349,352,354,357,366,378,398,410,418,439,444,447,465,476,478,485,492,511,529,558,560,563,568,570,589,653,704,707,715,790,810,819,822,833,848
2913|22,88,94,104,185,333,422,633,704,753,758,817,818,838,841,845
2914|185,633,817,818,841
2916|40
2920|441
2922|112,119,132,133,151,160,227,420,705,811
2923|82,443,661
2924|719
2925|58,62,647
2926|94,98
2931|543
2932|641,643,647,649,650,663,677
2934|43,58,133,411,451
2936|97,552
2937|297
2938|0,53,273,363,390,700,794,806
2940|421
2945|134,412,572
2946|29
2947|200,687
2948|319,336,359,793
2949|281,606
2952|71,83,88,98,107,108,113,115,128,129,139,141,150,156,159,165,182,207,209,212,213,215,230,235,326,340,603,623,745,753,755,756,763,766,776,778,786,807,810,813,817,818,823,824,834,840,841,843,844,848
2954|270,759,816,830
2955|152
2956|343,423
2959|21,95,135,158,187,796
2961|461
2968|538,540,554,604
2971|30,31,33,298,382
2972|426,561,568
2973|36,44,141,619
2974|42,57,76,83,88,93,128,129,156,164,213,215,229,393,479,516,709,735,752,798,810,819,821,832,839,843
2975|72,532
2976|567,573,578
2978|87,797,847
2980|9,354,467,475
2981|0,16,21,37,41,73,85,87,93,95,99,115,125,134,146,200,231,273,274,296,363,390,430,538,540,557,582,598,616,674,695,714,724,726,735,767,771,796,803,804,807,843,847,848
2982|7,19,62,66,133,136,274,291,292,460,475,506,509,547,594,603,649,683,772,778,786,843
2983|160,161,716
2984|72,102,317,827
2985|86,259,271,385,413,665,668
2987|17
2988|35,47,52,79,83,87,93,136,144,158,187,222,292,315,379,466,618,631,696,706,711,785,792,807
2989|765,769
2990|28,484
2991|25,123,184,185,201,349,432,547,731,845
2992|2,13,16,17,276,339,534
2995|144,182,255,265,267,295,325,397,430,478,538,540,557,562,572,582,591,598,605,610,618,676,705,710,719,748,817,818,820,841
2997|547
2998|82,477,646
3000|13,14,15,16,276,293,323,341,358,365,368,372,381,400,419,425,433,478,521,522,530,585,620,650,703,748
3001|44,50,100,115,169,190,242,248,352,399,434,559,727,780,804,812,849
3005|250,471
3007|95,127,193,503,725,802
3009|356
3011|2,28,33,38,102,148,279,282,569,601,607,622,731,837
3012|199,214,223,237
3013|206,213,215
3025|31,95,230,234,246,469,796,833,838,844
3028|291,348,408,411,716
3030|10,36,37,126,142,143,213,215,248,308,321,581,640,701,739,791,795,815,848
3031|154,716,837
3034|77
3035|107,148,570
3040|358,465
3044|503
3049|39,239,550,651
3052|18,57,60,63,76,81,83,85,88,93,100,128,156,164,195,213,215,229,314,333,371,383,421,422,472,474,480,517,545,635,654,669,681,682,684,688,709,727,735,741,752,761,762,764,798,810,819,821,832,839,843
3054|4,6,8,26,37,40,42,43,45,67,121,245,251,289,291,299,303,334,336,337,346,348,387,388,408,411,416,431,432,448,495,526,527
3056|558
3057|58,167,468,483
3061|244
3062|138
3063|138
3064|99,177,340,520,636,771,783,814,825,844
3066|53,79,527,655,662,682
3067|547
3069|108,764,768
3072|55
3102|76,690
3104|38
3105|837
3107|2,61,555
3108|5,125,129
3111|27
3114|78,84,258,456,726,728
3123|466,566,630,835
3129|31,837
3132|816,830
3139|0,278,280,287,332
3142|791
3157|341,342,400,425,433,650,748
3166|499,567
3169|105,373
3171|43,239,521,557,560,561,568,591,651
3172|127
3175|388,821
3176|609
3182|0,59,96,249,256,528,762,764
3185|837
3188|18,30,31,33,150,174,382,481,607,627
3191|504
3197|102,840
3202|0,9,15,26,31,46,54,66,72,75,80,81,90,93,96,98,105,106,113,118,124,125,128,129,130,133,137,179,196,216,228,236,270,273,332,353,375,376,381,419,434,440,443,445,449,479,492,505,511,536,543,572,586,587,602,608,621,641,653,656,660,699,710,721,735,742,746,756,757,759,763,777,778,785,787,801,802,813,823,825,829,838,844,848
3212|28,38,49,209,294,335,400,407,479,684
3214|22,23,26,167,618,640,736
3215|307,346,397,427,519,701,735,836
3217|315
3218|27,343
3220|24,29
3225|244,513
3227|82,128,130,156,164,194,213,215,611,798,800,810,819,821,843
3233|126,554,582,795
3234|341
3240|24,47,80,119,142,145,301,496,584,735
3242|240
3251|71,77,138,564,823
3253|507
3263|264,517,615,673,697
3264|61,68,72,183,197,225,325,430,534,539,652,711
3269|599
3272|28,204
3281|11,566,677,692
3282|836
3286|81,673
3288|504,837
3289|468
3290|3,6,7,8,20,40,44,56,58,69,81,101,118,179,286,296,302,304,316,327,353,360,365,392,396,415,434,456,470,484,499,509,513,522,530,541,542,604,645,653,706,713,724,733,791
3293|334
3298|12,490,491,501,525,603,848
3306|609
3307|455
3310|844
3313|260,714
3314|301
3315|4,67
3316|426,611
3323|189,401,467,606,839,846,847
3325|395
3327|594
3333|317
3336|588,611
3341|75
3342|39,554,582,585
3360|79,464,588
3363|75,86,97,117,153,515,547,699
3364|143,372,649,748
3367|514
3378|803
3382|290
3385|28
3387|122,226
3389|84,154
3401|841
3403|733
3406|10,51,52,76,264,354,438,465,504,508,518,524,553,617,633,689
3413|56,159,165,356
3424|623
3428|208,337,513,842
3429|146
3431|358,434,479
3435|356
3436|121,794
3440|361,837
3450|176
3460|46,94,111,354,460,493,495,539,599,694,758,770
3471|686
3473|544,641,643,647,649,650,840
3474|837
3477|275
3481|106,109,262,268,300,410,453,486,539,596,733,840
3484|548
3485|100
3490|135,146
3491|290
3495|492,511,513
3505|175,730
3520|125,137,380,428
3531|30,128
3533|124,187,689
3539|492
3541|620
3546|59,89,577,592,617
3548|110,126,795,809
3557|67,175
3559|108
3561|3,28,41,49,306,458,549,561,596,645,836
3565|39,104,208,531,541,546,552,595,613,628,670,696,700,733,848
3569|7,17,27,109,600,618,717,842
3570|96
3572|14,15,27,92
3579|570
3585|707
3588|95,111,112,152,157,163,166,175,262,796
3590|32,40,48,84,107,590,623,666,680,683
3591|195,417,550
3592|133
3595|52,78,89,97,100,102,110,126,154,200,353,441,456,466,521,536,631,662,670,708,713,739,770,774,782,783,797,844
3598|589
3599|65,78,90,124,155,192,203,215,449,674,696,703,706
3600|164
3602|241,634
3603|31,153,171,175,203,204,297,460,490,491,614,704,808,828,838
3605|3,44,311,837
3608|595
3610|140,167,438,806,840
3611|136,217,542,602,637,810,819,822
3612|595
3615|516,520,574,606,611,689,740
3616|693
3620|835
3625|390,507,680,798
3628|176,351,396,399,408,411,435,461,489,648,826,830
3629|463
3630|31,38,439
3634|1,38,43,243,397,403,427,528,529
3635|20,542,570
3640|407
3643|146,707
3645|305,336,532,842
3646|19
3647|33,43,49,78,102,109,123,150,548
3652|324,339,345,361,423
3656|5,532
3665|694
3666|569,674
3673|86,97,153
3676|97,149,572
3677|247,335,570
3679|12,42,61,372,436
3681|221
3683|55,102,619,640,814,840
3688|835
3690|601
3692|733
3697|45,54,319,451,553,579,660,679
3698|35,39
3704|170,572,754,815
3706|298,453
3707|47,88,264,571,615,740
3710|100,780
3714|8,53
3716|16,73,93,115,274,292,296,304,466,616,674,687,767
3721|16,21,28,73,93,95,115,274,292,296,304,376,490,491,534,616,674,687,695,696,706,720,724,726,735,767,796,803
3739|746
3750|373
3774|574
3776|134,231
3779|10,33,41,46,49,125,263,293,295,312,326,370,372,387,400,443,445,592,614,623,653,656,727,732,750,802,838
3782|53,141,340,696,709
3783|193
3788|222
3803|417,449,550
3810|112
3818|344,345,357,363
3820|359,459,581,640
3825|255,319
3826|39,132,227,426,437,451,493
3827|222,288
3828|1
3829|46,134,255,335,738,740,803
3832|368
3834|606
3836|342
3843|34
3876|20,588
3881|133,146,707
3890|564
3892|438,518,770
3894|52,632
3899|296,304
3904|657
3909|33,65,70,81,449,674,828
3914|10,71
3950|9,13,16,19,30,37,41,48,54,56,58,87,90,92,114,118,128,240,278,286,315,323,352,357,366,382,398,418,438,439,443,444,450,465,476,478,508,524,529,533,558,559,560,561,563,568,570,596,602,614,623,639,645,653,656,665,668,672,679,683,685,695,699,704,707,715,720,745,755
3964|834
3965|127,145
3968|34
3972|105,836
3974|533
3994|28,680
4004|496,503,519,551,583,719
4005|52,84,107,532,590,623,632,666,680
4011|172,193,412,613,671
4014|70
4025|610
4041|2,8,23,25,44,68,112,206,252,273,285,290,299,310,311,313,323,345,358,360,365,398,409,455,482,515,516,526,543,570,577,620,654,734,752
4051|175,730
4052|60
4053|714
4058|409
4060|492,557,560,591
4062|602
4063|116,834
4067|7,391