0|-221|0|秦统一六国
1|-9000|0|哥贝克力石阵
2|-197|0|帕加马图书馆
3|399|0|法显西行
4|465|0|祖冲之
5|493|0|迁都洛阳
6|751|0|怛罗斯之战
7|711|1|塔里克
8|732|1|图尔之战
9|980|0|丁先皇
10|1180|0|源平合战
11|1250|0|奴隶王朝灭亡
12|1325|5|特诺奇蒂特兰
13|1438|4|帕查库特克
14|1464|2|桑海帝国
15|1493|2|阿斯基亚大帝
16|1526|0|莫卧儿帝国建立
17|1530|4|印加内战
18|1536|4|新印加王国
19|1569|1|卢布林联合
20|1570|5|佛罗里达屠杀
21|788|2|伊德里斯王朝
22|1015|1|雅罗斯拉夫
23|1200|2|哈夫斯王朝
24|1212|1|拉斯纳瓦斯·德·托洛萨战役
25|1229|1|马略卡征服
26|1240|1|涅瓦河之战
27|1366|0|满者伯夷
28|758|0|颜真卿
29|942|0|燕云十六州
30|1005|0|科举扩招
31|1057|0|嘉佑二年科举
32|1100|0|宣和画谱
33|1190|0|四书章句集注
34|1297|0|关汉卿
35|759|0|杜甫
36|763|0|刘晏理财
37|924|0|南平建立
38|1008|0|宋真宗封禅
39|1079|0|乌台诗案
40|1424|0|仁宣之治
41|1506|0|龙场悟道
42|1077|1|卡诺莎之辱
43|1122|1|沃尔姆斯宗教协定
44|1298|1|马可·波罗游记
45|1309|1|阿维尼翁教廷
46|1418|1|恩里克王子
47|1475|1|米开朗基罗诞生
48|1581|1|荷兰共和国宣告独立
49|1609|1|开普勒定律
50|1664|1|法国东印度公司
51|1713|1|士兵王
52|1789|1|三级会议
53|1815|1|维也纳体系
54|1819|4|卡拉博博战役
55|1820|5|密苏里妥协
56|1822|4|伊皮兰加呼声
57|1823|5|门罗主义
58|1824|4|阿亚库乔战役
59|1825|1|斯托克顿-达林顿铁路
60|1825|1|十二月党人起义
61|1827|1|纳瓦里诺海战
62|1830|1|七月革命
63|1831|1|里昂工人起义
64|1834|1|新济贫法
65|1836|1|人民宪章
66|1836|2|布尔人大迁徙
67|1838|2|血河之战
68|1839|0|坦齐马特敕令
69|1840|3|《怀唐伊条约》
70|1843|0|虎门条约
71|1844|0|中美望厦条约
72|1845|1|爱尔兰大饥荒
73|1845|0|第一次锡克战争
74|1846|1|谷物法废除
75|1846|5|美墨战争
76|1847|1|分离主义者联盟战争
77|1847|0|反入城斗争
78|1848|1|法兰克福国民议会
79|1848|1|维也纳三月革命
80|1848|1|米兰五日
81|1857|0|印度民族大起义
82|1871|1|巴黎公社
83|1905|0|中国同盟会
84|1917|0|贝尔福宣言
85|1918|1|基尔水兵起义
86|1919|0|希土战争
87|1919|0|三一运动
88|1920|0|中国共产党诞生
89|1921|5|华盛顿会议
90|1922|0|苏联成立
91|1923|1|鲁尔危机
92|1923|0|洛桑条约
93|1924|0|国民党一大
94|1924|0|黄埔军校
95|1928|0|苏联第一个五年计划
96|1929|5|华尔街股灾
97|1929|0|古田会议
98|1930|0|中原大战
99|1932|0|一二八事变
100|1935|0|遵义会议
101|1936|1|西班牙内战
102|1939|0|苏德互不侵犯条约
103|1939|1|德国闪击波兰
104|1940|1|黄色方案
105|1940|0|百团大战
106|1942|0|斯大林格勒战役
107|1943|2|开罗宣言
108|1944|0|豫湘桂会战
109|1945|0|雅尔塔协定
110|1946|0|政治协商会议
111|1946|1|纽伦堡审判
112|1947|5|马歇尔计划
113|1947|0|中国土地法大纲
114|1947|0|印巴分治
115|1948|0|以色列建国
116|1948|1|柏林封锁
117|1949|0|新政协
118|1949|1|北大西洋公约
119|1949|0|国民经济恢复时期
120|1949|0|土地改革运动
121|1950|0|银元之战
122|1951|0|抗美援朝运动
123|1952|0|朝鲜停战协定
124|1954|0|五四宪法
125|1954|0|武汉长江大桥
126|1954|0|日内瓦会议
127|1955|0|农业合作化高潮
128|1956|0|社会主义制度确立
129|1956|0|中共八大
130|1958|0|大跃进
131|1958|0|炮击金门
132|1961|0|八字方针
133|1962|0|七千人大会
134|1964|0|两弹一星起步
135|1964|0|四个现代化
136|1964|0|三线建设
137|1968|0|南京长江大桥
138|1971|0|乒乓外交
139|1971|0|中国重返联合国
140|1972|0|尼克松访华
141|1972|0|中日邦交正常化
142|1973|0|邓小平复出
143|1973|0|袁隆平
144|1976|0|三位伟人去世
145|1977|0|恢复高考
146|1978|0|实践是检验真理的唯一标准
147|1978|0|改革开放
148|1979|0|告台湾同胞书
149|1979|0|对越自卫反击战
150|1979|0|中美科技合作协定
151|1979|0|经济特区
152|1980|0|审判四人帮
153|1980|0|党和国家领导制度的改革
154|1981|0|关于建国以来党的若干历史问题的决议
155|1982|0|八二宪法
156|1982|0|中国特色社会主义
157|1983|0|星火计划
158|1983|0|三个面向
159|1984|0|中英联合声明
160|1984|0|城市经济体制改革
161|1984|0|沿海开放城市
162|1985|0|教育体制改革
163|1986|0|863计划
164|1987|0|社会主义初级阶段
165|1987|0|中葡联合声明
166|1988|0|火炬计划
167|1989|0|戈尔巴乔夫访华
168|1990|0|北京亚运会
169|1991|0|浦东新区
170|1992|0|南方谈话
171|1993|0|国家公务员制度
172|1994|0|分税制改革
173|1995|0|江八点
174|1995|0|科教兴国战略
175|1996|0|国家基础研究计划
176|1996|0|粮食安全
177|1998|0|九八抗洪
178|1999|0|澳门回归
179|1999|0|西部大开发
180|1999|0|依法治国
181|2000|0|走出去战略
182|2001|0|中国入世
183|2001|0|申奥成功
184|2001|0|上海APEC
185|2001|0|上海合作组织
186|2002|0|南水北调
187|2002|0|三个代表
188|2003|0|非典疫情
189|2003|0|神舟五号
190|2003|0|振兴东北
191|2003|0|新农合
192|2004|0|人权入宪
193|2005|0|农业税废止
194|2006|0|和谐社会
195|2006|0|义务教育法修订
196|2008|0|汶川大地震
197|2008|0|北京奥运会
198|2009|0|新医改
199|2011|0|城乡居民养老保险
200|2013|0|一带一路倡议
201|2013|0|上海自贸区
202|2013|0|全面深化改革
203|2014|0|国家宪法日
204|2014|0|国家公祭日
205|2015|0|脱贫攻坚战
206|2015|0|习马会
207|2015|0|中国制造2025
208|2016|0|南海仲裁案
209|2016|0|中国天眼
210|2016|0|G20杭州峰会
211|2016|0|慈善法
212|2016|0|健康中国
213|2017|0|习近平新时代中国特色社会主义思想
214|2017|0|乡村振兴战略
215|2018|0|习近平新时代中国特色社会主义思想入宪
216|2019|0|大兴机场
217|2019|0|公民道德建设
218|2020|0|抗击新冠疫情
219|2020|0|民法典
220|2020|0|RCEP
221|2020|0|教育评价改革
222|2021|0|三孩政策
223|2021|0|乡村振兴局
224|2021|0|交通强国
225|2022|0|北京冬奥会
226|2022|0|人口负增长
227|2022|0|数字经济
228|2023|0|国产大型邮轮
229|2023|0|爱国主义教育法
230|2024|0|中法建交60周年
231|2024|0|进一步全面深化改革
232|2024|0|教育强国
233|2025|0|哈尔滨亚冬会
234|2025|0|抗战胜利80周年
235|2025|0|中俄蒙合作
236|2025|0|扩大内需
237|2025|0|乡村全面振兴
238|-3000|0|苏美尔城邦
239|-2180|0|乌尔纳姆法典
240|-2070|0|夏朝建立
241|-1300|0|盘庚迁殷
242|-1042|0|周公东征
243|-1040|0|宗法制
244|-1038|0|礼乐制度
245|-1020|0|成康之治
246|-841|0|共和元年
247|-771|0|烽火戏诸侯
248|-770|0|平王东迁
249|-770|0|春秋时期
250|-651|0|葵丘会盟
251|-597|0|邲之战
252|-490|1|马拉松战役
253|-480|1|萨拉米斯海战
254|-479|1|普拉提亚战役
255|-479|0|孔子逝世
256|-476|0|战国时期开始
257|-475|0|战国时代
258|-468|1|索福克勒斯
259|-460|1|希波克拉底
260|-431|1|伯罗奔尼撒战争爆发
261|-424|1|修昔底德
262|-399|1|苏格拉底审判
263|-387|1|柏拉图学园
264|-384|1|亚里士多德诞生
265|-356|1|腓力二世即位
266|-338|1|喀罗尼亚战役
267|-336|1|腓力二世遇刺
268|-334|1|格拉尼库斯河战役
269|-332|0|推罗围攻战
270|-331|2|亚历山大港建城
271|-326|0|希达斯皮斯河战役
272|-274|0|阿育王继位
273|-265|1|罗马统一意大利半岛
274|-264|1|第一次布匿战争爆发
275|-256|0|都江堰
276|-246|0|帕提亚帝国建国
277|-241|1|埃加迪群岛海战
278|-221|0|秦朝建立
279|-221|0|书同文
280|-221|0|秦长城
281|-221|0|灵渠
282|-221|0|焚书坑儒
283|-219|1|萨贡托围攻战
284|-218|1|汉尼拔翻越阿尔卑斯山
285|-202|2|扎马战役
286|-202|0|西汉建立
287|-202|0|汉承秦制
288|-202|0|休养生息政策
289|-180|0|文景之治
290|-168|0|马王堆汉墓
291|-154|0|七国之乱
292|-146|2|第三次布匿战争
293|-140|0|汉武帝即位
294|-140|0|天人感应
295|-140|0|汉武盛世
296|-138|0|张骞第一次出使西域
297|-136|0|罢黜百家独尊儒术
298|-134|0|察举制
299|-133|0|马邑之谋
300|-133|1|格拉古兄弟改革
301|-127|0|卫青收复河套
302|-121|0|霍去病征河西
303|-119|0|漠北之战
304|-119|0|张骞第二次出使西域
305|-119|0|盐铁官营
306|-118|0|五铢钱发行
307|-110|0|太初改历
308|-110|0|均输平准
309|-110|0|五铢钱
310|-107|1|马略军事改革
311|-100|0|司马迁著史记
312|-100|0|苏武北海牧羊
313|-100|1|罗马共和国后期
314|-73|1|斯巴达克斯起义爆发
315|-60|1|前三头同盟成立
316|-60|0|西域都护
317|-55|1|凯撒入侵不列颠
318|-54|0|呼韩邪单于归汉
319|-49|1|凯撒渡过卢比孔河
320|-44|1|凯撒遇刺
321|-33|0|汉匈和平
322|-31|1|阿克兴海战
323|-27|1|罗马帝国建立
324|9|0|王莽篡汉
325|14|1|奥古斯都去世
326|25|0|光武中兴
327|73|0|班超出使西域
328|92|0|班固
329|98|1|图拉真继位
330|105|0|蔡伦
331|132|0|地动仪
332|166|0|大秦使者来华
333|184|0|黄巾起义
334|184|0|党锢之祸
335|196|0|曹操挟天子以令诸侯
336|200|0|官渡之战
337|208|0|赤壁之战
338|212|1|卡拉卡拉敕令
339|220|0|曹丕篡汉
340|220|0|九品中正制
341|221|0|刘备称帝
342|222|0|孙权称王
343|230|0|卫温率船队到达夷洲
344|263|0|魏灭蜀
345|266|0|司马炎篡魏
346|280|0|太康之治
347|285|0|戴克里先即位
348|291|0|八王之乱
349|304|0|刘渊建国
350|313|1|米兰敕令
351|316|0|长安陷落
352|317|0|东晋建立
353|325|0|尼西亚大公会议
354|330|1|君士坦丁堡建都
355|380|1|萨洛尼卡敕令
356|383|0|风声鹤唳
357|386|0|北魏建立
358|395|1|罗马帝国永久分裂
359|406|1|汪达尔人等日耳曼部落渡过莱茵河
360|410|1|西哥特人攻陷罗马
361|420|0|刘裕篡晋
362|429|2|汪达尔人进入北非
363|439|0|北魏统一北方
364|451|1|沙隆战役
365|476|1|西罗马帝国灭亡
366|481|1|法兰克王国建立
367|485|0|均田制
368|494|0|孝文帝迁都洛阳
369|496|1|克洛维受洗
370|507|1|武耶战役
371|524|0|六镇起义
372|527|0|梁武帝舍身同泰寺
373|529|1|圣本笃会规
374|551|0|贾思勰
375|554|1|拜占庭征服意大利
376|568|1|伦巴第人入侵意大利
377|580|0|府兵制
378|581|0|杨坚代周建隋
379|584|0|三省六部制
380|605|0|赵州桥
381|605|0|隋炀帝开凿大运河
382|605|0|科举制创立
383|611|0|王薄起义
384|618|0|晋阳起兵
385|622|0|希吉拉迁徙
386|624|0|白德尔战役
387|626|0|玄武门之变
388|627|0|贞观之治
389|630|0|征服麦加
390|632|0|阿拉伯统一完成
391|636|0|雅尔穆克战役
392|637|0|卡迪西亚战役
393|641|0|文成公主入藏
394|642|2|阿拉伯征服埃及
395|646|0|玄奘归国
396|647|0|安西都护府
397|649|0|唐太宗去世
398|661|0|倭马亚王朝建立
399|667|0|安东都护府
400|690|0|武则天称帝
401|705|0|神龙政变
402|710|0|唐隆政变
403|712|0|唐玄宗即位
404|732|1|图尔战役
405|750|0|扎卜河战役
406|751|0|怛罗斯战役
407|753|0|天宝危机
408|755|0|安史之乱
409|756|0|马嵬驿兵变
410|762|0|巴格达建都
411|763|0|安史之乱结束
412|780|0|两税法
413|786|0|哈伦·拉希德即位
414|821|0|长庆会盟
415|827|1|阿拉伯征服西西里
416|835|0|甘露之变
417|843|1|凡尔登条约签订
418|860|0|基辅罗斯建立
419|866|1|阿尔弗雷德大帝即位
420|868|0|金刚经
421|874|0|王仙芝起义
422|875|0|黄巢起义
423|907|0|朱温篡唐
424|911|1|圣克莱尔条约
425|916|0|耶律阿保机称帝
426|916|0|契丹文字
427|947|0|辽太宗
428|960|0|陈桥兵变
429|961|0|杯酒释兵权
430|962|1|奥托一世加冕
431|1004|0|澶州之战
432|1005|0|澶渊之盟
433|1038|0|元昊称帝
434|1054|1|东西教会大分裂
435|1069|0|王安石变法
436|1077|1|卡诺莎悔罪
437|1096|1|贫民十字军
438|1118|0|圣殿骑士团成立
439|1127|0|南宋建立
440|1140|0|郾城大捷
441|1141|0|绍兴和议
442|1144|0|埃德萨陷落
443|1152|1|巴黎大学成立
444|1154|1|金雀花王朝建立
445|1166|1|牛津大学起源
446|1189|1|狮心王理查即位
447|1206|0|成吉思汗建国
448|1211|0|野狐岭之战
449|1215|1|大宪章签署
450|1220|1|方济各会成立
451|1229|1|阿尔比十字军结束
452|1234|0|金朝灭亡
453|1241|1|莱格尼察战役
454|1250|2|曼苏拉战役
455|1254|1|托马斯·阿奎那
456|1265|1|西门·德·蒙德福特召开议会
457|1271|0|忽必烈改国号
458|1271|0|行省制度
459|1271|0|四等人制
460|1273|1|哈布斯堡家族崛起
461|1276|0|元军攻陷临安
462|1279|0|崖山海战
463|1281|0|郭守敬
464|1284|1|梅洛里亚海战
465|1291|1|瑞士永久同盟建立
466|1302|1|三级会议首次召开
467|1309|1|但丁《神曲》
468|1310|1|乔托钟楼动工
469|1337|1|百年战争爆发
470|1346|1|克雷西战役
471|1348|1|薄伽丘《十日谈》
472|1351|0|红巾军起义
473|1356|1|普瓦提埃战役
474|1358|1|扎克雷起义
475|1360|1|布勒丁尼条约
476|1368|0|明朝建立
477|1368|0|明初专制
478|1370|0|帖木儿帝国建立
479|1378|1|天主教会大分裂
480|1381|1|瓦特·泰勒起义
481|1389|1|科索沃战役
482|1389|1|教皇返回罗马
483|1400|1|乔叟《坎特伯雷故事集》
484|1405|0|郑和下西洋
485|1406|0|北京城营建
486|1410|1|格伦瓦尔德战役
487|1415|2|葡萄牙攻占休达
488|1420|1|胡斯战争爆发
489|1431|1|贞德殉道
490|1434|1|美第奇家族
491|1434|1|美第奇家族崛起
492|1440|1|佛罗伦萨大教堂穹顶建成
493|1440|1|谷登堡发明活字印刷术
494|1444|1|瓦尔纳战役
495|1449|0|土木堡之变
496|1450|1|威尼斯文艺复兴
497|1453|1|卡斯蒂永战役
498|1455|1|玫瑰战争爆发
499|1469|1|西班牙双王联姻
500|1475|1|波提切利《春》
501|1480|1|达·芬奇
502|1485|1|博斯沃思战役
503|1485|1|威尼斯印刷业繁荣
504|1488|1|迪亚士到达好望角
505|1494|1|意大利战争爆发
506|1495|1|康布雷同盟战争
507|1498|1|《最后的晚餐》完成
508|1499|1|瑞士独立
509|1500|1|佩德罗·卡布拉尔发现巴西
510|1503|1|拉斐尔
511|1506|1|圣彼得大教堂重建
512|1506|0|王阳明龙场悟道
513|1508|1|米开朗基罗西斯廷礼拜堂壁画
514|1509|1|伊拉斯谟《愚人颂》
515|1511|0|葡萄牙占领马六甲
516|1513|1|马基雅维利《君主论》
517|1514|1|多热起义
518|1516|1|伊拉斯谟《基督教骑士手册》
519|1516|1|威尼斯犹太人隔都
520|1517|1|九十五条论纲
521|1521|1|沃尔姆斯帝国会议
522|1521|5|西班牙征服阿兹特克帝国
523|1524|1|德意志农民战争爆发
524|1525|1|普鲁士公国成立
525|1526|1|莫哈奇战役
526|1527|1|罗马之劫
527|1529|1|维也纳之围
528|1529|1|英国宗教改革开始
529|1534|1|加尔文宗建立
530|1535|4|西班牙征服印加帝国
531|1536|1|《至尊法案》通过
532|1539|1|法语成为官方语言
533|1540|1|耶稣会成立
534|1541|1|帕拉第奥
535|1543|1|维萨里《人体构造》
536|1545|1|特伦托大公会议
537|1549|0|沙勿略抵日
538|1553|1|玛丽一世即位
539|1555|1|奥格斯堡和约
540|1558|1|伊丽莎白一世即位
541|1562|1|瓦西惨案
542|1565|0|西班牙殖民菲律宾
543|1565|1|马耳他大围攻
544|1566|1|破坏圣像运动
545|1568|1|阿尔普哈拉起义
546|1572|1|圣巴托洛缪惨案
547|1572|1|海上乞丐占领布里勒
548|1576|1|根特协定
549|1577|1|德雷克环球航行
550|1579|1|乌得勒支同盟签订
551|1580|1|威尼斯瘟疫
552|1581|1|断绝法案
553|1585|1|莎士比亚
554|1587|1|玛丽·斯图亚特被处决
555|1588|1|无敌舰队覆灭
556|1598|1|南特敕令
557|1603|1|詹姆斯一世即位
558|1603|0|江户幕府建立
559|1606|1|荷兰东印度公司成立
560|1607|5|詹姆斯敦建立
561|1609|1|阿姆斯特丹银行成立
562|1610|1|亨利四世遇刺
563|1616|0|后金建立
564|1618|1|掷出窗外事件
565|1619|1|《五月花号公约》
566|1619|5|首批非洲奴隶抵达
567|1620|1|清教徒移民普利茅斯
568|1624|1|新阿姆斯特丹建立
569|1628|1|《权利请愿书》
570|1630|5|马萨诸塞湾殖民地建立
571|1632|1|维米尔诞生
572|1632|1|伽利略《关于两大世界体系的对话》出版
573|1636|0|改国号清
574|1637|1|笛卡尔《方法论》出版
575|1640|1|长期国会召开
576|1642|1|英国内战爆发
577|1644|1|马斯顿荒原战役
578|1644|0|清军入关
579|1645|1|纳斯比战役
580|1645|0|剃发令
581|1647|1|平等派运动
582|1649|1|查理一世被处决
583|1653|1|克伦威尔护国公政体
584|1660|1|斯图亚特王朝复辟
585|1662|0|永历帝被杀
586|1665|1|伦敦大瘟疫
587|1666|1|伦敦大火
588|1667|1|荷兰突袭梅德韦
589|1670|1|凡尔赛宫兴建
590|1672|1|《信仰自由宣言》
591|1685|1|詹姆斯二世即位
592|1687|1|牛顿《自然哲学的数学原理》
593|1688|1|光荣革命
594|1689|0|尼布楚条约
595|1689|1|《宽容法案》
596|1694|1|英格兰银行成立
597|1699|1|《卡洛维茨条约》
598|1701|1|腓特烈一世加冕
599|1703|0|圣彼得堡奠基