600|1709|0|波尔塔瓦战役
601|1713|1|《国本诏书》
602|1727|0|驻藏大臣设立
603|1727|0|中俄布连斯奇条约
604|1740|1|玛丽亚·特蕾西亚即位
605|1740|1|腓特烈二世即位
606|1748|1|孟德斯鸠《论法的精神》
607|1751|1|狄德罗《百科全书》
608|1755|1|里斯本大地震
609|1759|1|《物种起源》前奏
610|1762|0|叶卡捷琳娜二世即位
611|1762|1|卢梭《社会契约论》
612|1764|1|瓦特改良蒸汽机
613|1765|1|《印花税法案》
614|1768|1|皇家艺术学院成立
615|1770|1|贝多芬诞生
616|1772|1|第一次瓜分波兰
617|1773|5|波士顿倾茶事件
618|1774|1|古斯塔夫三世政变
619|1776|5|《常识》
620|1776|1|吉本《罗马帝国衰亡史》
621|1777|5|萨拉托加大捷
622|1780|0|四库全书
623|1780|0|《武装中立宣言》
624|1781|1|康德《纯粹理性批判》
625|1782|1|瓦特双向式蒸汽机
626|1783|1|蒙哥尔费热气球
627|1783|1|科茨沃尔德运河通航
628|1784|1|《印度法案》
629|1786|1|卡隆财政改革
630|1788|3|英国首批流犯抵达
631|1788|1|法国三级会议前紧张局势
632|1789|1|网球场誓言
633|1790|1|《教士公民组织法》
634|1791|1|路易十六出逃瓦雷讷
635|1792|1|八月十日起义
636|1792|1|九月屠杀
637|1793|1|雅各宾派执政
638|1794|1|热月政变
639|1795|1|督政府成立
640|1796|1|巴贝夫平等派密谋
641|1796|1|拿破仑意大利战役
642|1797|1|果月十八日政变
643|1798|2|拿破仑远征埃及
644|1799|1|雾月政变
645|1800|1|法兰西银行成立
646|1801|1|《教务专约》
647|1802|1|拿破仑任终身执政
648|1803|5|路易斯安那购地
649|1804|1|《拿破仑法典》颁布
650|1804|1|拿破仑加冕称帝
651|1805|1|乌尔姆战役
652|1806|1|耶拿-奥尔施泰特战役
653|1807|1|法兰西大学建立
654|1808|1|马德里起义
655|1809|1|维也纳战役
656|1810|1|柏林大学成立
657|1812|1|《儿童工厂法》
658|1812|5|美英战争爆发
659|1812|1|征俄战争
660|1813|1|莱比锡民族大会战
661|1814|1|巴黎条约
662|1815|1|维也纳会议
663|1815|1|滑铁卢战役
664|1819|1|彼得卢屠杀
665|1821|1|希腊独立战争爆发
666|1823|5|门罗宣言
667|1824|1|《流浪法》
668|1829|1|希腊独立
669|1831|5|纳特·特纳起义
670|1832|1|议会改革法案通过
671|1834|1|德国关税同盟
672|1836|5|得克萨斯共和国独立
673|1837|1|维多利亚女王即位
674|1838|1|宪章运动第一次请愿
675|1839|0|虎门销烟
676|1839|0|开眼看世界
677|1840|1|黑奴贸易废除
678|1842|1|《莱茵报》创办
679|1847|2|利比里亚独立
680|1847|1|《共产党宣言》手稿完成
681|1848|1|六月起义
682|1848|1|维也纳十月起义
683|1849|1|匈牙利宣布独立
684|1850|0|天地会起义
685|1854|5|共和党成立
686|1854|5|堪萨斯内战
687|1856|0|第二次鸦片战争
688|1857|1|《印度民族起义》
689|1858|1|达尔文-华莱士论文发表
690|1860|5|南卡罗来纳脱离联邦
691|1860|0|火烧圆明园
692|1861|0|农奴制改革
693|1862|5|《宅地法》
694|1863|5|葛底斯堡演说
695|1864|1|第一国际成立
696|1865|5|宪法第十三修正案
697|1866|1|萨多瓦战役
698|1867|5|阿拉斯加购地
699|1867|5|加拿大自治领成立
700|1868|5|总统弹劾案
701|1869|5|太平洋铁路贯通
702|1870|1|教皇国灭亡
703|1871|1|德意志帝国宪法
704|1872|5|黄石国家公园建立
705|1873|1|世界经济危机
706|1875|1|法兰西第三共和国宪法
707|1876|5|爱迪生实验室建立
708|1878|1|柏林会议
709|1879|5|门罗主义修正
710|1881|0|亚历山大二世遇刺
711|1882|1|德奥意三国同盟
712|1883|0|喀拉喀托火山爆发
713|1884|1|柏林西非会议
714|1885|1|奔驰一号
715|1885|1|刚果自由邦建立
716|1886|5|干草市场暴乱
717|1887|1|埃菲尔铁塔动工
718|1887|1|保加利亚危机
719|1888|1|威廉二世即位
720|1889|1|第二国际成立
721|1890|5|伤膝河大屠杀
722|1890|1|柏林工人保护法
723|1891|1|《新教皇通谕》
724|1891|4|巴西第一共和国
725|1892|0|俄国工业革命
726|1893|5|福特制造第一辆汽车
727|1894|0|东学党起义
728|1894|1|德雷福斯事件
729|1894|0|甲午战争
730|1895|1|弗洛伊德《癔症研究》
731|1895|0|公车上书
732|1895|0|强学会
733|1896|5|普莱西诉弗格森案
734|1896|1|马可尼无线电报
735|1897|1|第一届犹太复国主义大会
736|1898|1|居里夫人发现镭
737|1898|0|戊戌变法
738|1898|0|戊戌六君子
739|1899|1|海牙和平会议
740|1900|1|量子论诞生
741|1900|0|义和团运动
742|1905|0|五大臣出洋
743|1911|0|辛亥革命
744|1912|0|北洋军阀
745|1912|0|中华民国成立
746|1913|0|善后大借款
747|1915|0|新文化运动
748|1915|0|袁世凯称帝
749|1917|0|护法运动
750|1918|0|文学革命
751|1919|0|五四运动
752|1919|0|马克思主义传播
753|1920|0|中国共产党发起组
754|1920|0|白话文运动
755|1921|0|中国共产党成立
756|1922|0|中共二大
757|1923|0|京汉铁路工人大罢工
758|1924|0|黄埔军校创办
759|1925|0|省港大罢工
760|1926|0|北伐战争
761|1927|0|南昌起义
762|1927|0|秋收起义
763|1927|0|中共五大
764|1927|0|湘赣边秋收起义
765|1928|0|井冈山会师
766|1931|0|中华苏维埃共和国
767|1931|0|第一次反“围剿”
768|1934|0|湘江战役
769|1935|0|吴起镇会师
770|1935|0|瓦窑堡会议
771|1935|0|一二·九运动
772|1937|0|七七事变
773|1937|0|淞沪会战
774|1937|0|洛川会议
775|1937|0|忻口会战
776|1938|0|六届六中全会
777|1941|0|大生产运动
778|1945|0|中共七大
779|1945|0|重庆谈判
780|1945|0|毛泽东思想
781|1946|0|军调部
782|1947|0|枣林沟会议
783|1948|0|九月会议
784|1948|0|土地改革
785|1948|0|三大战役
786|1949|0|七届二中全会
787|1949|0|开国大典
788|1949|0|新政协召开
789|1950|0|抗美援朝
790|1950|0|废除封建土地制度
791|1951|0|和平解放西藏
792|1951|0|“三反”“五反”运动
793|1953|0|过渡时期总路线
794|1953|0|粮棉油统购统销
795|1953|0|和平共处五项原则
796|1953|0|第一个五年计划
797|1955|0|万隆会议
798|1956|0|社会主义改造完成
799|1956|0|双百方针
800|1958|0|人民公社
801|1959|0|发现大庆油田
802|1964|0|工业学大庆
803|1964|0|第一颗原子弹爆炸成功
804|1970|0|东方红一号
805|1971|0|重返联合国
806|1972|0|美国总统尼克松访华
807|1978|0|十一届三中全会
808|1978|0|家庭联产承包责任制
809|1979|0|坚持四项基本原则
810|1982|0|建设有中国特色的社会主义
811|1984|0|经济体制改革
812|1990|0|浦东开发开放
813|1992|0|中共十四大
814|1992|0|九二共识
815|1992|0|邓小平南方谈话
816|1997|0|香港回归
817|2001|0|中国加入世贸组织
818|2001|0|中国加入世界贸易组织
819|2005|0|建设社会主义新农村
820|2005|0|和谐世界
821|2006|0|社会主义荣辱观
822|2013|0|建设海洋强国
823|2014|0|中国特色大国外交
824|2016|0|健康中国2030
825|2017|0|党的十九大
826|2017|0|雄安新区
827|2019|0|不忘初心
828|2019|0|国家勋章
829|2019|0|北京大兴国际机场
830|2020|0|香港国安法
831|2020|0|脱贫攻坚战全面胜利
832|2020|0|新时代的爱国主义
833|2021|0|建党100周年
834|2021|0|中国空间站
835|2012|0|辽宁舰
836|2016|0|李保国
837|1962|0|焦裕禄
838|2009|0|黄大年
839|1950|0|抗美援朝精神
840|1971|0|基辛格秘密访华
841|2001|0|WTO
842|2013|0|军队信息化改革
843|2012|0|五位一体总体布局
844|2021|0|十九届六中全会
845|1952|0|黄继光
846|2008|0|汶川地震
847|2003|0|非典
848|1980|0|刘少奇平反
849|1949|0|华东军区海军